-0.39138603,2.1243248,9.672955
0.09881973,2.3333435,9.802319
0.11948204,2.4067097,9.684334
0.18476295,2.4303665,9.606176
1.0873165,1.9332733,8.273008
4.000103,-0.70401573,6.9167824
9.076443,-5.6345215,6.7266293
14.738813,-2.6295033,2.4582157
6.7987976,-5.6438046,0.025154114
7.159939,-5.2299595,-0.54859924
9.506159,-5.0940075,-0.3198166
11.301983,-4.710108,1.7074852
4.6684837,-1.7559967,1.3421516
10.960306,-6.149582,2.1372013
8.312237,-7.7169228,1.6272316
4.3085403,-10.604555,0.44438934
1.3017254,-6.505932,-1.8685913
1.6634655,-10.101173,-2.311184
-0.11139679,-10.078115,1.1121712
1.0220356,-9.2558155,0.6608944
2.2054768,-13.146618,0.20033455
0.32610512,-9.155798,0.13385582
2.4156933,-9.3270855,-3.1831932
-0.89087486,-9.812799,0.24764824
0.4330101,-8.900963,0.3683281
0.43420792,-11.759249,0.8983612
-1.89674,-12.298565,-0.45487022
0.25273895,-4.798746,0.21201324
1.919199,-12.848961,-4.563675
-0.8597317,-9.579525,1.4963703
0.3515587,-8.68326,1.3095112
-2.3920364,-12.21891,1.4760075
-3.7449684,-9.981092,-0.68964195
-0.05689621,-7.320446,-1.0609646
0.19763947,-10.199095,-0.79115677
1.8296623,-10.447042,2.0401783
2.9708805,-10.337742,0.7824726
0.2000351,-12.79476,-0.16350174
-0.53961563,-8.221203,0.37311935
2.25848,-9.27528,-4.7005253
-0.35395432,-10.84322,1.7275486
0.5132637,-7.43334,-0.058992386
0.8854847,-13.422115,0.3844986
-0.023357391,-11.449913,0.60878944
-1.058569,-6.003149,-1.7449169
2.1926003,-11.186094,-1.3607178
-0.76210976,-9.424408,1.3888664
1.5778217,-11.502317,0.28448105
-2.407608,-12.764814,-0.08893776
-0.18715858,-4.622368,0.044319153
2.3174725,-12.433619,-4.7541275
-0.58932495,-9.235453,1.8853607
1.4116249,-9.968815,0.39827347
-1.8979378,-14.065641,0.5515938
-0.04102516,-5.663269,0.42492485
2.3162746,-11.747271,-4.7460423
-1.3903637,-10.473694,0.48661232
0.5989075,-8.00889,1.5260162
-0.8154125,-13.131645,-0.90075684
-1.5921955,-8.810528,0.20033455
0.86302567,-8.717398,-2.9981308
-1.6484928,-12.0599,2.233326
1.6811333,-9.075245,1.5862064
1.4775047,-10.328159,0.74923325
0.76151085,-11.410385,-0.938488
-0.039527893,-5.512045,-3.16852
1.5673409,-10.488068,-5.5051575
0.5270386,-9.692419,0.63214684
0.55878067,-8.680565,0.5270386
1.1193581,-12.173094,-0.016469955
-0.5560856,-11.496628,0.42222977
-0.89866066,-5.520729,-0.25812912
3.1795998,-12.083258,-3.1787014
0.032640457,-9.801121,2.0141258
0.6531086,-9.882872,0.38539696
-0.20871925,-12.996592,0.6776638
0.23177719,-7.5914516,0.21051598
2.9885483,-9.853226,-3.8605576
-0.44438934,-10.756079,1.7071857
0.68784523,-7.703148,0.09911919
1.9877739,-12.882799,0.7234802
-1.0960007,-11.622099,0.5108681
0.1527214,-5.4344864,-1.4364796
2.0692253,-11.586164,-1.3774872
0.1527214,-9.4175205,1.3250828
2.5222988,-11.354687,0.6782627
-0.80672836,-13.382887,-0.24674988
-0.4958954,-4.5475044,0.5009861
3.5317574,-12.994196,-4.6499176
-2.0674286,-10.298513,0.472538
0.89626503,-7.5345554,1.1870346
-1.566742,-13.462242,-1.4188118
-1.7817497,-9.908325,-0.08983612
1.0801296,-6.9907475,-3.3008785
1.767376,-11.074997,0.1560154
1.5805168,-9.24234,0.12726784
2.05575,-10.900715,2.9945374E-4
-1.5909977,-13.1014,0.05120659
0.6833534,-5.493479,-0.08234978
3.6063213,-11.781708,-4.266617
-1.0253296,-10.308695,0.6692791
0.93878746,-7.1820984,0.30454445
0.83068466,-13.791042,-0.46954346
-0.16559792,-10.920479,1.2642937
1.0456924,-7.3354187,-2.3866463
-1.6790371,-11.897297,1.1175613
1.3879681,-7.4004,-0.1889553
1.346344,-13.236454,0.3883915
-1.3175964,-11.966171,0.054201126
-0.07965469,-4.7343636,-1.7419224
1.1759548,-11.9386215,-2.1464844
-0.27040672,-9.120762,1.3870697
2.8552914,-12.057205,0.1443367
-1.8874569,-13.01366,0.09402847
-0.5288353,-3.6904678,0.14403725
2.9160805,-13.251726,-4.5190563
-1.7838459,-10.585091,2.041376
1.2047024,-6.506531,1.0798302
-3.8671455,-16.125284,-0.31472588
-1.5083485,-8.826399,1.7467136
2.019516,-7.084177,-4.7349625
-0.0017967224,-10.67882,-0.0919323
1.4843922,-9.584316,0.33059692
1.2430325,-10.409311,0.052404404
0.39977074,-12.004501,-0.44319153
0.31951714,-9.325289,0.058094025
3.0625134,-8.3820095,-3.459589
-1.8536186,-11.070805,1.1235504
0.73635674,-8.020569,0.2530384
0.8396683,-13.07445,0.17488098
0.20213127,-11.921253,0.533926
-0.56476974,-5.695011,-1.4739113
1.4912796,-12.124582,-0.8402672
-0.34616852,-7.9693623,0.5992069
1.7125759,-12.282694,0.04102516
-1.7074852,-12.742056,0.44888115
-0.7902584,-4.5582848,-0.13235855
1.5308075,-12.511177,-3.5260677
-0.56866264,-9.365715,1.8943443
2.2602768,-11.217537,0.3767128
-1.3202915,-13.380791,0.20602417
0.0601902,-3.9491959,0.6872463
2.3081894,-13.44128,-5.2832623
-2.4770813,-10.84322,1.3301735
0.88518524,-7.5426407,1.2732773
-1.4810982,-13.77038,-0.9792137
-1.6095638,-8.411655,0.4135456
2.0982723,-8.010387,-4.005493
-0.16080666,-10.418295,0.055099487
0.5539894,-9.865204,1.4224052
2.025505,-11.115124,0.22309303
-0.9723263,-13.173569,0.5638714
0.059890747,-5.675247,0.17547989
2.1147423,-11.674204,-4.681959
0.50967026,-9.85652,1.1505013
-0.132658,-8.614386,0.906147
1.0154476,-14.026413,0.3003521
-0.64562225,-7.4198647,0.8465557
2.3096867,-11.516691,-3.3529835
-0.4413948,-9.797228,0.47523308
0.34017944,-8.007393,1.2562084
-0.3812046,-15.315262,0.4096527
-0.4168396,-5.9228954,0.5474014
1.1355286,-12.272213,-4.048914
-0.32790184,-9.749016,0.7393513
1.1690674,-8.12957,1.2373428
-0.8181076,-14.189615,0.7872639
0.39917183,-7.180002,0.025154114
1.8563137,-11.02948,-4.2202015
-3.5521202,-11.415176,2.5986595
2.4061108,-8.804838,2.6193218
0.62226486,-11.640366,-0.38539696
1.1241493,-8.264025,-1.4775047
3.4745617,-7.6726036,-5.287155
-0.73036766,-10.111355,-1.4876862
0.50847244,-9.791838,1.1897297
1.4391747,-10.331453,0.91692734
-1.297533,-13.83596,-0.1404438
-0.0964241,-6.1762333,0.3015499
2.7076607,-10.954916,-4.655308
0.16410065,-10.571615,0.7483349
0.34407234,-7.468376,0.62885284
1.1870346,-14.135414,0.3210144
-0.2446537,-8.505384,0.58932495
1.8377476,-9.0453,-3.8521729
-0.5456047,-11.567598,1.9075203
0.2958603,-7.2153378,0.17967224
1.8051071,-13.081337,0.6590977
-1.4891834,-11.93952,0.5108681
-0.13385582,-6.491558,-3.1864872
0.8794956,-11.518488,0.5947151
0.27160454,-7.908573,0.848053
2.6911907,-13.127153,0.39767456
-1.4376774,-12.106316,-0.02964592
-1.01964,-4.206726,-0.23656845
1.8853607,-13.237951,-2.8915253
-1.5086479,-11.530167,2.2165565
3.0151997,-7.427351,0.87530327
-0.86841583,-13.744328,-2.1378002
1.1513996,-7.858864,-1.8338547
1.0561733,-7.9894257,-5.8450375
-0.32251167,-11.027384,2.0012493
-0.5512943,-8.667389,0.7354584
0.31053352,-11.205259,0.2853794
-1.8236732,-12.760622,0.3371849
0.45666695,-5.511446,-0.45067787
2.0365849,-11.386429,-3.9462013
-0.18655968,-9.818489,1.0606651
1.1699657,-9.652891,0.7228813
-1.2349472,-14.13781,0.44738388
-0.19704056,-6.384653,0.9986782
2.3153763,-11.235804,-3.6988525
-0.65730095,-10.837231,1.1855373
0.8821907,-7.631279,0.86512184
0.5354233,-13.040911,0.052703857
0.03683281,-10.58539,0.1599083
2.6591492,-7.901087,-3.1101265
-1.3385582,-11.395712,0.60369873
0.43989754,-7.523176,0.52254677
2.6639404,-12.910049,1.0642586
-1.2828598,-11.935627,-0.032341003
-1.4146194,-4.7262783,-0.16230392
2.9073963,-11.882025,-3.5578098
-0.6998234,-11.577181,2.1300144
1.5978851,-8.0163765,0.31023407
-2.2533894,-14.012039,-1.9024296
-1.3119068,-8.509876,-0.16949081
2.3540058,-7.6480484,-4.151327
-0.14493561,-10.789917,0.31891823
0.7707939,-9.924795,2.0818024
1.6197453,-10.241917,0.53182983
-1.0588684,-13.168179,-0.035036087
-0.13086128,-6.622719,-0.38270187
2.4396496,-10.763266,-5.1038895
0.6072922,-9.999659,0.5863304
-0.26112366,-7.906477,0.5509949
1.026228,-12.702528,0.118284225
-0.26980782,-11.020796,0.87350655
0.15871048,-8.203835,-2.919075
0.038330078,-11.153753,0.9735241
-0.9256115,-7.512396,0.0062885284
3.0274773,-13.406843,0.5812397
-1.689518,-12.014383,0.49739265
-1.3175964,-4.609791,0.09911919
1.5215244,-12.009592,-3.7261028
0.92591095,-10.746796,2.1458855
1.7143726,-10.055357,0.77259064
-1.8655968,-13.943165,0.21051598
0.23596954,-4.556488,0.35844612
3.1939735,-12.532139,-4.437605
-0.028747559,-10.444647,0.7165928
0.72797203,-7.6747,1.6359158
-0.304245,-12.675278,-0.15691376
-0.60609436,-10.808483,0.22518921
-1.0474892,-6.5292892,-0.32520676
-0.8750038,-13.826677,1.0965996
1.0717449,-8.040333,5.3659115
3.4455147,-10.9644985,1.786541
-1.4002457,-13.056183,-0.85074806
1.786541,-5.672552,-1.3050194
2.5723076,-9.794233,-6.640686
0.7585163,-9.469326,0.94088364
0.7144966,-8.687752,0.52464294
-0.32790184,-14.167456,0.47104073
-0.23387337,-7.402796,0.44828224
2.362091,-9.586712,-4.6061974
-0.88967705,-12.024565,1.9796886
-0.13954544,-6.0992737,0.1081028
0.93040276,-14.404623,0.7115021
-1.4661255,-11.0732,0.45457077
1.8200798,-7.529764,-3.5907497
-0.7384529,-11.25437,1.1882324
0.73036766,-6.63859,0.19943619
1.9404602,-13.838356,0.1838646
-0.37311935,-11.772125,0.51236534
1.1430149,-6.9539146,-2.6235142
-0.008684158,-11.219933,0.92321587
-0.26052475,-8.05261,0.307539
2.7280235,-12.148239,0.15122414
-2.8382225,-12.277004,0.19584274
-1.2061996,-5.62973,-0.46624947
1.2954369,-12.353664,-0.83008575
-0.63783646,-11.546337,3.3326206
4.7316685,-8.407763,1.2067986
-0.35455322,-13.4532585,-1.9434547
1.8167858,-4.0387325,-3.7752132
1.7658787,-9.706194,-3.9494953
1.6326218,-9.784052,-0.5429096
0.84835243,-9.829269,1.184639
-1.1238499,-14.153381,-0.028148651
-0.6782627,-5.691717,0.33179474
2.8903275,-11.198372,-4.880497
0.09702301,-10.751587,1.0073624
-0.43151283,-7.4677773,0.64682007
0.62226486,-13.104694,0.30634117
-0.45457077,-9.740631,0.37311935
2.4567184,-8.909647,-3.242485
-1.1600838,-11.129198,1.8173847
0.4291172,-7.1222076,-0.2245903
0.76210976,-13.165783,0.30993462
-1.1600838,-11.269941,-0.24734879
0.98220825,-7.187788,-3.3032742
0.40605927,-10.321272,-0.026052475
0.19464493,-8.243063,0.21410942
2.249796,-12.8124275,0.70850754
-0.92201805,-12.35606,0.3198166
-1.300827,-4.685253,-0.45996094
0.31472588,-13.461643,-0.9875984
-0.0038928986,-11.21574,0.97651863
1.3750916,-8.729675,0.19913673
0.7076092,-11.185795,-1.9389629
0.7869644,-8.237373,-2.9565067
2.7241306,-7.5345554,-6.0402813
-0.20273018,-10.863882,0.04162407
0.07306671,-9.283365,0.6201687
1.093605,-11.383734,0.6414299
-3.4191628,-12.518663,0.14253998
0.43540573,-5.162283,-0.11918259
2.188408,-12.160517,-4.7777843
-0.5222473,-10.169748,1.4676228
0.6312485,-8.799448,0.85224533
-1.3942566,-14.571718,0.49230194
0.14343834,-5.672552,0.7528267
2.8211536,-12.159618,-2.2824364
-0.28687668,-9.986483,-0.0047912598
0.97442245,-7.969063,0.74923325
-1.1283417,-14.887043,0.3210144
-0.54470634,-5.831562,-0.32850075
2.6160278,-11.695465,-5.7030964
0.7818737,-10.508131,1.5394917
0.47163963,-7.0362644,0.6096878
1.1208553,-13.829073,0.011079788
-0.7567196,-8.942587,-0.18536186
2.4408474,-8.588633,-3.6937618
-2.294714,-12.392294,1.5191288
-0.0440197,-8.240667,-0.09792137
0.07785797,-11.05134,0.30694008
-3.3185463,-11.952396,-2.3480167
2.4902573,-6.7763386,-2.2575817
0.31173134,-10.451534,-0.92321587
1.2035046,-9.579525,0.912735
1.7389278,-11.360676,0.19853783
-0.64232826,-13.1813545,-0.42043304
0.013774872,-5.1455135,-0.4620571
2.4516277,-11.609522,-4.440899
0.28178596,-10.182625,0.52134895
1.1855373,-8.863831,0.236269
0.29615974,-13.969217,-0.049409866
0.28777504,-6.5170116,0.060489655
2.1899052,-10.697086,-3.756647
0.4446888,-11.087275,0.7306671
0.44888115,-7.3497925,-0.60369873
0.7360573,-14.199797,0.4620571
-0.615078,-7.9966125,-0.06498146
2.48876,-9.748417,-3.8824177
-0.815712,-11.185196,1.6212425
1.0259285,-7.360573,-0.41923523
-0.1527214,-14.200695,0.11289406
-1.4047375,-8.39818,-0.01766777
2.051258,-8.334696,-5.0239353
-1.4248009,-12.571367,1.4406719
0.24974442,-7.9298344,-0.061088562
-1.5811157,-11.499622,-0.26202202
-3.8464832,-12.979223,-0.7276726
2.6825066,-5.5902023,-2.9469242
2.2770462,-11.461292,-0.7210846
1.6622677,-7.771723,-0.08564377
1.708683,-11.998213,0.33359146
-3.5584087,-12.814823,-0.31861877
1.1702652,-4.3244114,-1.222969
1.5167332,-10.511724,-7.4105816
1.0738411,-11.004326,0.32640457
0.4381008,-8.10232,-0.67676544
0.23027992,-13.991377,1.0983963
-2.2264385,-8.676672,-0.10510826
2.3474178,-8.700029,-4.7223854
-1.2984314,-11.973059,1.9979553
0.34407234,-6.5412674,-0.8726082
1.0226345,-14.0881,-0.031442642
-1.081028,-10.213169,-0.15541649
2.0410767,-8.222401,-3.5643978
-1.0495853,-10.962702,1.1304379
0.6069927,-7.227316,-0.56476974
1.3756905,-13.163088,0.29556084
-1.0417995,-11.30887,-0.4324112
-0.60280037,-5.5354023,-0.83397865
-0.15481758,-13.011564,-0.06827545
0.4135456,-10.681215,1.3987484
1.5598545,-8.299061,0.42672157
-2.2866287,-13.959635,-1.0693493
1.5948906,-6.546957,-1.834753
1.7691727,-7.959181,-4.3369884
0.49140358,-11.381338,0.5423107
1.9084187,-8.526346,0.50907135
-0.4686451,-14.815773,-0.28597832
-0.07606125,-6.2385197,0.027549744
2.1407948,-11.137583,-4.6663876
0.53362656,-9.939468,0.93639183
-0.40246582,-8.002302,0.09073448
0.6114845,-14.634304,0.47493362
-0.53751945,-7.040756,0.29735756
2.3252583,-10.690498,-4.2750015
-0.3003521,-11.016005,1.5433846
0.7719917,-6.498745,-0.4258232
1.5227222,-13.475119,-0.2518406
0.078157425,-11.658932,0.38300133
1.8356514,-7.6809883,-3.0032215
-0.22309303,-11.459196,1.3703003
0.5923195,-7.238096,-0.6653862
2.164751,-12.950176,0.20991707
-1.0570717,-11.951199,-0.12008095
0.8848858,-5.5380974,-1.275074
-1.032217,-14.018627,-1.4918785
0.566267,-9.96043,2.9466248
1.1076794,-8.381111,-0.039827347
-0.58872604,-14.379169,-2.6202202
2.1087532,-4.915533,-3.9465008
0.9935875,-10.435364,-1.7320404
1.7817497,-9.095308,0.16529846
1.4092293,-10.833338,-0.17308426
-2.1836166,-13.3984585,-0.22518921
0.37252045,-4.701723,-0.271904
2.8660717,-11.933231,-4.9131374
0.6381359,-9.660976,0.30664062
-0.5183544,-8.416147,0.8273907
0.8666191,-13.729654,0.013774872
0.22369194,-8.741953,0.06168747
1.993763,-8.643732,-3.6578274
-0.61388016,-11.696363,1.3448467
0.3210144,-7.2641487,-0.7779808
-0.10181427,-13.3885765,-0.013774872
-2.398325,-10.347923,-0.23746681
0.91363335,-7.187189,-3.8728352
-0.8441601,-11.260658,0.04821205
0.0841465,-7.674101,0.57255554
1.6778393,-12.720495,-0.04581642
-0.6549053,-12.316233,-0.44678497
-1.4062347,-4.614582,0.030544281
2.6747208,-13.83626,-4.540617
-3.1775036,-10.624619,2.8106728
2.536972,-7.7741184,1.5613518
-1.5344009,-14.408516,-1.5781212
0.11708641,-7.255764,-0.4057598
4.266018,-7.6830845,-5.0793343
0.3210144,-11.594549,0.8911743
0.5890255,-7.7905884,0.8525448
1.3726959,-13.143923,-0.09612465
-1.3499374,-11.610121,-0.08594322
-0.32460785,-5.2287617,-1.3747921
0.9846039,-11.893105,-2.3016014
-0.09612465,-8.814121,0.65221024
0.7935524,-12.348274,0.110198975
-2.5621262,-12.568073,-0.026950836
-0.5968113,-4.353159,-0.3844986
2.1761303,-12.486921,-4.5765514
-0.4407959,-9.045,1.32658
0.974123,-10.998337,0.47014236
-2.0800056,-13.505663,-0.13625145
-0.44169426,-4.6681843,0.06168747
2.6363907,-11.864656,-5.062565
-0.19704056,-9.737337,0.009283066
1.4286938,-9.664869,1.1229515
-1.6065693,-14.688206,-0.16859245
0.10900116,-4.515463,0.17248535
2.191103,-12.956764,-5.028427
-3.1499538,-11.255568,0.9723263
1.1993122,-7.166527,1.7715683
-1.9710045,-14.255196,-1.6757431
2.8424149,-7.1180153,-1.2825603
2.4989414,-8.101122,-3.6716022
1.763483,-11.789194,-0.28717613
1.226263,-7.7148266,0.09223175
0.73815346,-13.974607,-0.4976921
-1.00317,-9.3741,0.8046322
2.0662308,-8.671881,-3.6123104
-1.39785,-11.554422,1.5089474
0.33928108,-7.267742,-1.0250301
1.259203,-13.592804,0.25932693
-1.122652,-10.400028,0.58363533
1.6209431,-8.5535965,-3.431141
-0.27669525,-10.7992,1.569437
-0.108701706,-7.2449837,-0.69473267
0.8342781,-13.171473,-0.3889904
-2.2611752,-11.668514,-0.6983261
1.1810455,-6.2615776,-4.876005
-1.6700535,-11.655338,0.6641884
0.58273697,-7.359375,-0.24375534
1.2223701,-13.625444,-0.5845337
-0.6156769,-11.910173,0.6297512
-0.06977272,-6.3220673,-2.546255
-0.3081379,-11.662525,-0.5069752
-0.7812748,-9.887064,1.4319878
0.8543415,-8.452681,-0.75372505
-4.7574215,-14.705275,-2.0371838
2.047964,-5.7995205,-0.46265602
0.9941864,-10.935152,-1.0492859
1.6131573,-10.538376,1.6323223
1.8931465,-10.066137,0.3916855
-0.53182983,-13.212498,-0.29915428
-0.48900795,-6.8985157,-0.23087883
1.5131397,-11.412182,-5.2886524
0.028747559,-9.484898,0.783371
0.09612465,-8.428724,1.440073
0.06258583,-14.525902,0.5087719
-1.1016903,-6.836828,0.33748436
1.8682919,-10.534782,-3.4574928
-0.9360924,-11.503515,0.68904305
0.29436302,-7.2033596,0.4569664
0.11319351,-13.442179,-0.37551498
0.36413574,-9.605577,0.401268
1.8308601,-8.42543,-3.5173836
-1.0846214,-11.982342,1.6991005
1.4721146,-7.4276505,-0.69293594
1.1031876,-13.055584,-0.030244827
-0.47074127,-10.470699,0.28777504
1.300827,-7.903183,-3.298483
-1.5158348,-11.29809,1.4439659
0.041923523,-8.661699,0.56476974
1.3475418,-8.94618,1.20051
-6.427475,-15.084682,-0.78546715
1.6425037,-7.017399,0.30634117
2.2998047,-8.833885,-1.715271
0.9316006,-11.834112,1.8161869
2.3360386,-8.875509,1.1849384
-0.18745804,-12.943588,0.044319153
-1.2142849,-8.736563,-0.023357391
2.6819077,-8.43112,-3.9027805
-0.25004387,-11.525076,1.1061821
-0.40096855,-7.304575,-0.9283066
0.2835827,-13.1912365,0.06827545
-0.89925957,-9.985285,0.59381676
1.8033104,-8.20084,-3.0915604
-1.3343658,-12.039837,1.0522804
0.52524185,-6.882345,-0.9316006
0.13954544,-13.635326,-0.2278843
-1.8907509,-10.729727,-0.04581642
0.8031349,-7.1311913,-2.7762356
-1.8045082,-12.990303,1.1993122
0.9974804,-7.303377,-0.085344315
0.56027794,-13.256218,-0.3003521
-0.21500778,-10.791414,-0.15451813
0.90255356,-7.3267345,-2.7855186
-0.18296623,-11.604431,0.45846367
-1.0681515,-8.808132,0.271904
1.4253998,-10.020321,1.1079788
-4.345972,-12.868725,-2.2515926
-1.5218239,-5.9426594,-0.90974045
0.41384506,-10.987856,-2.5618267
-1.2472248,-10.295519,3.472166
3.0508347,-10.438059,2.6073437
-0.7034168,-10.750689,-1.401144
-0.372221,-10.126926,-0.8225994
3.4287453,-7.2707367,-4.8801975
0.19165039,-11.298689,-0.02485466
-0.01676941,-7.4938297,0.32460785
1.0621624,-12.426731,-0.17967224
-2.1743336,-11.950899,0.23866463
-0.14733124,-6.0471687,-1.1867352
1.4259987,-11.754457,-2.0797062
-1.2726784,-9.0518875,1.4167156
1.3146019,-11.69277,0.29945374
-1.7386284,-12.352766,0.17547989
-0.935194,-5.4410744,-0.12786674
3.264944,-12.223103,-2.9226685
-0.48781013,-9.3303795,1.3050194
1.0669537,-9.86161,0.057495117
-2.6911907,-13.613466,-0.06827545
0.61657524,-5.282963,0.17308426
2.2659664,-11.8958,-4.5364246
0.5746517,-9.909224,0.9256115
0.8971634,-9.22587,1.0588684
-0.5992069,-13.135838,0.29855537
-0.37701225,-7.4033947,0.12247658
1.2409363,-10.009241,-1.676342
-3.0936565,-13.162788,2.149479
2.3519096,-8.47484,3.8419914
1.323286,-12.681866,-1.1600838
1.5927944,-5.430294,-1.8317585
2.7630596,-8.746145,-4.9475746
0.9819088,-10.675226,0.6653862
1.3703003,-10.2512,0.501585
-1.7107792,-14.769957,0.95944977
-0.36922646,-4.4774323,0.70910645
1.8003159,-12.072777,-4.1878605
0.18266678,-9.405542,1.0606651
0.21830177,-10.732422,0.33119583
-1.2280598,-14.004253,0.5462036
-0.6285534,-4.5100727,0.6013031
1.6898174,-12.5471115,-4.0333424
-0.73096657,-9.629833,2.2797413
2.4528255,-11.173218,0.038030624
-2.8223515,-13.523331,-0.38629532
-0.7824726,-3.7871914,-0.6231632
1.7272491,-13.159494,-3.3568764
-0.5270386,-8.821608,1.9763947
2.8490028,-11.425957,-0.66059494
-1.7419224,-13.094812,0.25453568
-1.3822784,-4.8379745,0.35006142
1.0349121,-13.420019,-2.355503
-3.1188107,-11.860464,4.1219807
2.9915428,-6.8526993,1.4951725
-0.017967224,-15.364971,-2.3375359
2.582489,-5.0134544,-1.4280949
1.1663723,-8.271811,-6.685005
1.2469254,-10.246408,-0.05300331
-0.30454445,-8.933304,0.2368679
0.20153236,-14.557644,0.35365486
-0.64562225,-6.387947,1.1106739
1.7383289,-12.124582,-2.828041
-0.89297104,-9.018349,-0.09073448
0.8097229,-10.1910095,1.2924423
-0.9612465,-14.590883,0.14014435
-1.378685,-3.7398777,0.35036087
2.41749,-12.935204,-4.7137012
0.08833885,-10.00415,1.7305431
1.8524208,-9.847836,0.28657722
-2.054552,-14.623224,1.0010738
-0.5333271,-4.0531063,-0.021560669
2.469595,-11.542744,-4.391489
-0.12607002,-11.203762,1.9287815
1.3535309,-6.5550423,0.5066757
-5.0419025,-16.897875,-1.6320229
-2.9840565,-6.9188786,0.30065155
1.0211372,-8.901562,-1.2978325
-0.7429447,-11.920055,3.0664062
3.5943432,-8.65571,3.5072021
1.0441952,-12.558191,-0.4168396
-0.73695564,-11.883223,-0.17428207
1.2924423,-4.973028,-1.8362503
1.9949608,-11.488243,-2.39563
-0.020362854,-8.998884,1.1145668
1.6841278,-11.350494,0.41324615
-0.8160114,-14.023718,0.8273907
-0.7516289,-4.127371,0.4860134
2.1506767,-13.368813,-4.844263
0.28717613,-8.68865,2.6289043
0.3895893,-10.415001,-1.3864708
-1.2035046,-13.6604805,0.16979027
-0.39557838,-5.012556,-1.8527203
-0.08264923,-11.489441,-6.0741196
-1.562849,-11.402899,3.3227386
6.4996433,-8.564377,0.6258583
4.301653,-10.73362,3.323637
9.539698,-5.23505,6.7484894
3.7524548,-2.3704758,6.404417
2.413597,-1.3268795,8.154724
-0.011678696,0.0014972687,10.246408
0.2278843,0.53722,10.021219
-0.0095825195,1.4451637,9.716974
-0.030843735,1.6592731,9.946356
-0.013175964,1.8092995,9.83436
0.03293991,1.8865585,9.821484
0.103012085,1.9698067,9.802618
0.13894653,2.109951,9.829868
0.22878265,2.2243423,9.772074
0.2796898,2.294115,9.778662
0.21949959,2.3498135,9.755604
-0.84685516,2.5986595,9.510351
-0.5153599,2.5672169,9.5600605
0.8357754,1.3214893,7.7591457
8.90785,-5.8642025,3.7105312
16.92752,0.9345951,4.124975
8.022665,-3.5119934,-0.5456047
9.545687,-1.818882,1.0501842
8.655111,-7.6660156,0.45277405
5.147011,-7.938219,0.36024284
-0.40036964,-9.407339,-0.65789986
-1.0489864,-9.893652,-0.9411831
0.8169098,-10.161064,-1.4655266
0.38240242,-9.8708935,-1.5993824
-1.663765,-9.488491,0.6108856
-0.3371849,-9.481604,-1.0400028
1.8054066,-9.520832,-3.1200085
2.6289043,-8.904856,-2.824747
2.5130157,-8.921026,-3.5482273
2.3030987,-8.915636,-3.6913662
1.7760601,-9.1977215,-2.8987122
1.5933933,-9.150408,-3.1550446
1.1594849,-9.500469,-2.485466
1.2280598,-9.435188,-2.382454
0.43061447,-9.800522,-2.478878
-2.1638527,-9.158493,-1.5802174
-3.835703,-9.170771,1.4035397
-3.5967388,-7.824726,4.3840027
-5.8878593,-5.02124,6.345125
-5.5467815,-2.7268257,6.038784
-5.7342396,-2.6681328,7.6989555
-7.159939,-1.3502369,7.8552704
-5.737833,-0.81331635,7.4501095
-7.85557,-0.5462036,9.452557
-7.3458996,-0.4039631,8.315531
-6.086996,-1.3738937,6.648472
-5.973503,-2.8337307,6.9572086
-4.8083286,-3.9159565,5.984583
-3.8075542,-3.2308064,6.3909416
-6.960802,-1.8323574,8.49131
-6.0079403,-1.2825603,7.660326
-6.628109,-1.0732422,8.103518
-7.4045925,-0.5069752,9.793335
-6.4370575,-0.56536865,8.167002
-5.669857,-2.0284996,7.034767
-5.735737,-3.1655254,6.909296
-4.4181404,-3.7012482,5.95883
-4.3058453,-3.8521729,6.973379
-5.779457,-2.2258396,8.113998
-5.8689938,-1.61166,8.464958
-5.834856,-1.0873165,7.9148617
-5.9684124,-0.71629333,8.050514
-6.2376213,-0.38659477,9.348347
-7.31835,-0.1281662,9.614561
-5.4240055,-0.58992386,7.666914
-5.588106,-2.2456036,7.2857094
-5.6135597,-2.9100914,6.983261
-5.38328,-3.4838448,6.9431343
-4.832884,-3.8584614,6.127123
-6.548155,-2.521101,7.080883
-6.1711426,-1.9506416,7.304575
-6.673626,-1.6125584,7.6157074
-6.434063,-1.1250477,7.592949
-6.2885284,-0.5545883,7.846586
-6.2609787,-0.3359871,7.7630386
-6.2906246,0.0095825195,8.1490345
-7.1629333,-0.11169624,9.617556
-5.982786,-0.40995216,7.8124485
-6.0211163,-1.0540771,7.7292004
-6.113348,-2.065033,7.4408264
-5.477907,-2.9385395,7.0395584
-5.264097,-3.6754951,6.7050686
-4.3687305,-3.6578274,6.263075
-6.1639557,-2.067728,7.778311
-6.0615425,-1.6287289,7.749264
-5.9216976,-1.0429974,8.149633
-5.754902,-0.8276901,8.533833
-5.933077,-0.1527214,8.477835
-5.9402637,-0.1727848,8.693441
-6.8404217,0.14583397,9.665169
-6.0280037,-0.1437378,7.554619
-6.5592346,-1.2729778,7.6528397
-5.8734856,-2.3968277,7.0176983
-5.2320557,-3.4766579,6.3487186
-5.0194435,-4.29776,6.0549545
-4.667885,-3.2933922,6.918579
-6.0271053,-2.4710922,8.091839
-5.514141,-1.673048,7.907076
-6.0959797,-1.0531788,8.18976
-5.803713,-0.6815567,8.456274
-5.760292,-0.1287651,8.578152
-5.440775,0.22219467,8.23348
-6.4780827,0.017368317,9.542992
-6.3532104,0.3132286,9.181252
-5.557562,-0.5578823,7.5965424
-5.792633,-1.6616688,7.543539
-5.5551662,-2.5429611,7.397106
-5.1619835,-3.36586,6.681711
-4.184267,-3.6713028,6.4430466
-5.696808,-2.2414112,8.037937
-5.689022,-1.4005451,8.393688
-6.026806,-1.1049843,7.9214497
-5.76688,-0.73366165,8.589531
-5.6899204,-0.29017067,8.249651
-5.32279,0.12367439,8.504786
-5.6848297,-0.0,8.876707
-6.6547604,0.14493561,9.930784
-5.5195312,-0.14253998,7.629183
-5.642008,-1.4451637,7.611515
-5.866598,-2.1590614,7.661524
-5.3736973,-2.9918423,7.203659
-4.5939198,-3.598236,6.549053
-4.883791,-3.2475758,7.57588
-5.916008,-1.4751091,7.9768486
-5.8306637,-1.3101101,7.977747
-6.0372868,-1.122652,8.057402
-5.8932495,-0.46295547,8.527843
-5.792633,-0.22908211,8.006794
-5.6680603,0.17128754,8.096331
-6.6376915,-0.13894653,9.917309
-5.6701565,0.026052475,8.51856
-5.628832,-0.45007896,8.133163
-5.7626877,-1.7326393,7.7477665
-5.4740143,-2.515112,7.280918
-5.2667923,-3.1469593,7.2994843
-4.5870323,-3.594942,6.602356
-5.13653,-2.8388214,7.7938824
-5.760891,-1.8979378,8.210722
-5.65728,-1.6859245,7.9615765
-5.5117455,-1.3927593,8.111303
-5.6069717,-0.863924,8.737162
-5.759094,-0.7183895,8.13496
-5.7824516,-0.23776627,8.267019
-5.5129433,-0.022159576,8.280794
-5.748314,0.04731369,8.950672
-6.333746,0.036533356,9.809805
-5.5348034,-0.34137726,7.9630737
-5.646799,-1.4337845,7.8376026
-5.279669,-2.3390331,7.3464985
-5.467127,-3.2727299,7.0515366
-4.476534,-3.32753,6.5221024
-5.6554832,-2.4375534,8.073872
-5.496174,-2.0192165,8.124779
-5.6081696,-1.6143551,8.101721
-5.8483315,-1.2364445,8.309242
-5.6848297,-1.2127876,8.031649
-5.782152,-0.6944332,8.1101055
-5.900736,-0.47403526,8.247555
-5.702797,-0.12127876,8.214914
-5.6575794,0.16320229,7.990923
-7.2818165,-0.023057938,10.143696
-6.1888103,0.03593445,8.072075
-5.293144,-0.75252724,7.418667
-5.786045,-2.200386,7.796877
-4.97213,-2.9780674,7.352787
-3.997408,-3.5446339,6.088194
-5.3527355,-2.1602592,7.8513775
-5.8998375,-1.4215069,8.706917
-5.729149,-1.3163986,8.202936
-5.737833,-1.0283241,7.88282
-5.7501106,-0.25273895,8.512871
-5.4353848,-0.15032578,8.339787
-5.517435,0.1281662,9.12705
-6.22744,0.17038918,10.182924
-5.3850765,-0.12097931,7.9274387
-5.430893,-1.3193932,8.14035
-5.308117,-2.388443,7.858265
-4.901758,-3.1466599,7.2165356
-3.666811,-3.6132088,5.999855
-5.6165543,-1.9338722,8.356855
-6.0860977,-1.3068161,8.408361
-5.65189,-1.2642937,8.070278
-6.333746,-0.49080467,8.027756
-5.787243,-0.11469078,7.816641
-7.6130123,-0.6432266,9.449263
-6.2798443,0.12367439,8.169697
-5.530611,-0.5833359,7.5120964
-5.9142113,-1.6877213,7.84988
-5.840246,-2.294714,7.5899544
-4.614582,-3.055626,6.24391
-4.8221035,-2.7840214,7.0218906
-6.285534,-1.3867702,8.396683
-5.8707905,-0.87350655,8.375122
-6.2774487,-0.67856216,8.017275
-5.60248,0.07426453,7.744772
-6.839823,-0.6602955,9.241442
-6.39723,0.12966347,9.073748
-5.276375,-0.22339249,7.566597
-5.8076057,-1.5128403,8.345177
-5.581518,-1.9500427,7.975651
-5.2958393,-2.8888302,7.0060196
-4.0980244,-3.3413048,6.308592
-5.7030964,-1.9560318,8.18437
-6.001652,-1.0705471,8.394886
-5.8528233,-0.8699131,8.163408
-5.8273697,-0.67676544,8.057402
-5.4740143,-0.08175087,8.220005
-6.294817,-0.35844612,9.514843
-6.132513,0.22938156,9.457348
-5.753704,-0.3779106,7.6288834
-5.549776,-1.1801472,7.7166233
-5.954937,-2.2836342,7.459692
-4.715498,-2.9226685,6.025608
-4.774191,-2.536972,7.0170994
-6.6799145,-0.9729252,8.803041
-5.9693108,-0.71240044,8.098726
-5.9770966,-0.2635193,8.257736
-5.26799,-0.023357391,7.940016
-7.047344,-0.25393677,10.111954
-5.7195663,-0.08175087,8.575457
-5.44347,-0.30843735,7.4354362
-5.8378506,-1.4586391,8.120886
-5.820183,-2.4474354,7.6962605
-4.689146,-2.6711273,5.606373
-5.063463,-2.0797062,7.5806713
-6.2939186,-0.9846039,9.079737
-5.7045937,-0.7067108,8.2235985
-5.8231773,-0.26501656,7.983137
-5.6423073,-0.06917381,8.231684
-6.5736084,-0.19853783,9.850231
-5.9348736,0.065280914,8.879702
-5.504259,-0.37371826,7.3479958
-5.557562,-1.4676228,8.148436
-5.515339,-2.4510288,7.4836483
-4.5151634,-2.822052,6.05196
-5.869892,-1.508049,7.6552353
-6.275652,-1.1570892,8.730574
-5.477009,-0.6207676,8.412853
-5.6132603,-0.71809006,8.49161
-5.979492,-0.13116074,7.9370213
-6.7200413,-0.46954346,7.596243
-7.4387302,-0.42941666,8.841072
-6.1564693,-0.44259262,7.3102646
-5.795328,-0.99658203,7.648348
-6.1295185,-1.7227573,8.351765
-4.7508335,-2.7004738,6.682909
-4.161808,-2.2375183,6.3756695
-6.378664,-1.1241493,9.035418
-5.3449497,-0.84685516,8.85844
-5.483597,-0.48331833,8.297564
-5.128145,-0.31143188,8.088545
-8.09094,-0.4180374,11.224125
-5.530012,0.044618607,7.08807
-5.9693108,-0.8693142,7.168623
-5.5455837,-1.9464493,7.1338863
-5.320694,-3.5892525,7.945406
-2.948122,-8.068182,4.3441753
-2.766653,-8.087048,2.4938507
0.62555885,-11.351393,-0.89297104
3.88661,-9.424408,-1.2106915
5.4880886,-8.234379,-2.0680275
5.1673737,-8.055904,-2.2387161
2.5121174,-9.120462,-1.7730656
0.36922646,-9.397457,-1.802412
-1.0007744,-9.388773,-2.051857
-0.8782978,-9.93857,-1.8072033
-2.4456387,-9.398954,-0.96663666
-1.3211899,-9.670259,-1.7970219
-0.7956486,-9.641811,-0.6552048
3.556013,-10.563829,-0.67796326
3.132286,-10.128723,1.8937454
8.793758,-3.8141422,8.302954
-0.2919674,-3.9264374,7.9747524
0.22518921,-2.249796,8.056503
0.8330803,-1.6386108,10.736614
-0.09043503,0.39527893,9.690922
-0.25902748,1.2529144,9.652292
-0.76600266,0.41414452,9.687328
0.09372902,0.18715858,10.120638
0.333292,0.38809204,10.051464
-0.08684158,0.24974442,9.877182
0.81900597,-0.17817497,9.096506
3.4491081,-3.2664413,7.5267696
12.636648,1.5748272,5.0556774
7.5609074,-4.359747,2.4767818
8.960554,-5.7420254,1.1415176
6.3609962,-8.247854,-0.22608757
0.23447227,-9.00667,-0.38659477
-0.71030426,-9.933479,-0.99119186
-0.08714104,-9.886166,-1.8811684
-0.0029945374,-9.94396,-2.4411469
-2.660347,-7.4237576,-1.0924072
3.4733639,-9.668762,-4.318722
3.151451,-7.856468,-5.217083
3.6506405,-8.304451,-4.2163086
3.227213,-8.530239,-3.5356503
3.4191628,-8.632353,-3.4188633
2.9136848,-8.703323,-3.4619846
2.5010376,-9.002478,-3.1508522
2.4519272,-9.093811,-2.8876324
1.252615,-9.39057,-1.715271
2.0542526,-9.710386,0.70012283
0.82828903,-10.069132,1.6901169
-2.249197,-9.441477,3.9177532
-0.9747219,-8.209824,3.559307
-5.369505,-3.5652962,6.1618595
-6.3235645,-3.4916306,7.0362644
-6.7260303,-1.8853607,7.928337
-7.0132065,-2.2438068,9.073149
-6.8362293,-1.4502544,8.297264
-6.1936016,-2.0383816,7.258459
-5.8411446,-3.0080128,6.647274
-5.1877365,-4.5223503,6.750885
-3.0178947,-4.366934,6.55624
-3.1924763,-3.9692593,7.527069
-5.0987988,-3.4607868,7.91037
-5.411728,-2.2375183,8.45298
-5.6470985,-1.799717,8.335295
-5.345848,-1.1657734,8.522154
-6.1498814,-1.314003,9.196224
-6.3783646,-1.1328335,9.6214485
-5.5183334,-1.1295395,7.8420944
-5.4350853,-2.2917194,7.481552
-4.6307526,-3.426649,7.306671
-2.8897285,-4.5864334,7.968464
-1.2160816,-5.4168186,7.7986736
-2.6283054,-4.510372,7.89929
-4.056999,-3.5413399,7.7720222
-5.932478,-2.3022003,7.7522583
-6.0726223,-2.1195335,7.725607
-6.6251144,-1.5475769,7.488739
-6.263075,-1.1660728,7.534256
-7.5291653,-1.3870697,9.106688
-6.703871,-0.7968464,8.478134
-6.2172585,-1.0873165,6.9622993
-6.277149,-2.4426441,7.1174164
-5.8366528,-3.3227386,6.620323
-5.549776,-4.0075893,6.3262596
-4.2887764,-4.3971786,5.879175
-6.0073414,-2.9442291,7.3108635
-5.9854813,-2.122528,7.8402977
-5.850727,-1.6152534,7.9325294
-6.1408978,-1.0040684,8.234079
-5.8073063,-0.7507305,8.330803
-7.278223,-0.81211853,9.832563
-6.2561874,-0.56986046,8.362844
-5.9815884,-1.4643288,7.7235107
-5.6198483,-2.7034683,6.7934074
-5.221575,-3.821928,6.12862
-4.594818,-4.8286915,5.7123795
-5.363516,-4.2504463,6.8245506
-5.840246,-2.6010551,7.770525
-5.0556774,-2.3309479,7.4117794
-5.8423424,-1.2481232,8.50209
-5.8878593,-1.4253998,8.59552
-5.9534397,-1.1124706,8.309242
-5.088318,-0.4057598,8.425131
-7.0350666,-0.8558388,10.218859
-5.9058266,-0.55878067,7.5049095
-5.8594112,-1.663765,7.9115677
-5.510248,-2.7690487,7.6124134
-5.033518,-3.5284634,7.03327
-4.439701,-4.2504463,5.989973
-4.553194,-4.317524,6.761965
-5.939066,-2.8409176,7.588457
-5.7117805,-2.2977085,7.7076397
-5.3671093,-1.660471,8.228689
-5.7453194,-1.3125057,8.816816
-5.671055,-1.0268269,8.254442
-5.5752296,-0.5779457,8.190958
-6.887436,-0.8603306,10.151182
-6.179228,-0.88847923,8.010088
-5.563551,-1.6185474,7.1207104
-5.8917522,-2.6010551,7.3914165
-5.3802853,-3.6428547,7.088669
-5.0742435,-4.081255,6.714052
-3.49193,-3.2505703,6.313982
-6.1049633,-3.0113068,8.213417
-6.292721,-2.5219994,7.4578953
-5.8192844,-1.4972687,7.705843
-5.8911533,-0.9813099,8.049616
-5.9738026,-0.29346466,8.825201
-6.51252,-0.5348244,9.107885
-7.1892853,-0.49859047,8.813223
-5.883068,-0.91093826,7.005121
-5.6009827,-2.2387161,7.2051563
-5.580021,-3.1116238,7.26894
-5.308716,-3.701847,7.0838776
-4.3720245,-4.2669163,6.1612606
-5.6300297,-3.0092106,7.4785576
-6.1397,-2.3731709,7.749563
-5.6602745,-2.2165565,7.359974
-5.8219795,-1.459837,8.442799
-5.793831,-1.0621624,8.303852
-6.0726223,-0.6045971,7.907076
-7.3662624,-0.8561382,9.273184
-6.732319,-0.6809578,8.067583
-6.1328125,-1.2993298,7.206953
-6.185217,-2.5809917,7.3120613
-5.57493,-3.5164852,6.490959
-5.07065,-4.3726234,6.185816
-4.405863,-4.4471874,6.222349
-4.8406696,-3.5107956,7.092861
-6.373274,-2.6315994,7.8223305
-5.232954,-1.9428558,8.26672
-5.8351555,-1.3610172,8.594622
-6.0079403,-0.79325294,8.408661
-5.5354023,-0.76151085,7.7893906
-6.813471,-0.5863304,9.387276
-6.5499516,-0.44169426,9.459444
-6.009138,-1.0409012,7.206354
-5.5758286,-2.3135796,6.97847
-5.733341,-3.36586,6.7143517
-4.8616314,-4.0890408,5.9234943
-4.903555,-3.741375,6.875757
-5.9678135,-2.8912258,7.4483128
-6.1175404,-2.3480167,7.4264526
-5.9776955,-1.5751266,7.9115677
-6.0977764,-0.9959831,8.428425
-5.8231773,-0.60369873,8.03105
-6.975176,-0.8393688,9.474417
-6.3618946,-0.4123478,8.767107
-5.702198,-1.3481407,7.363268
-5.8971424,-2.3477173,7.5001183
-5.3341694,-3.4518032,6.84671
-4.4400005,-3.6461487,5.7315445
-4.891577,-3.3799343,7.350691
-6.1274223,-2.2719555,8.218807
-5.5018635,-1.6185474,8.1131
-5.7441216,-1.566742,8.498497
-5.294342,-0.7534256,8.132864
-5.9585304,-0.47163963,8.195749
-7.3953094,-0.82828903,10.242516
-5.857914,-0.46774673,8.079861
-5.646799,-1.5263157,7.0970535
-5.739031,-2.4384518,7.4665794
-5.659975,-3.1086292,7.3578777
-5.113472,-3.8117466,6.9557114
-4.037834,-4.110302,5.99716
-5.698305,-2.9753723,7.8639545
-6.007042,-2.3614922,8.100822
-5.341955,-1.9150066,7.732794
-5.7084866,-1.5880032,8.280794
-5.1290436,-1.1630783,8.641636
-5.7917347,-0.73456,8.100822
-5.5132427,-0.39438057,8.110405
-8.146339,-0.6543064,10.205683
-5.440775,-0.7884617,7.643257
-5.396755,-1.7065868,7.572586
-5.5797215,-2.550747,7.5294647
-5.5264187,-3.3457966,7.2416897
-4.8017406,-3.5060043,6.3493176
-4.683157,-3.6620197,6.634697
-5.952242,-2.6259098,8.203835
-5.9684124,-1.7793541,8.029852
-5.6300297,-1.7128754,7.550726
-6.1109524,-0.94926834,8.270014
-5.7776604,-0.59052277,8.104715
-5.893549,-0.34137726,8.1131
-7.380636,-0.30903625,10.173941
-5.734539,-0.39587784,7.730398
-5.967514,-1.0373077,7.079685
-6.2879295,-1.8667946,7.6270866
-6.0648365,-2.5157108,7.4797554
-5.628832,-3.2568588,6.8503036
-5.3323727,-3.934822,6.8416195
-4.1923523,-4.0584965,5.9118156
-5.976797,-2.5905743,7.7022495
-6.2352257,-2.1111488,8.202936
-6.0205173,-1.5173321,7.6486473
-6.2924213,-1.2786674,7.713928
-6.120535,-0.9345951,8.163109
-5.885763,-0.6459217,8.122383
-5.328779,-0.25273895,8.051413
-6.5999603,-0.8324814,9.4208145
-6.608345,-0.3779106,8.981216
-5.595293,-0.85404205,7.305174
-6.054655,-1.9736996,7.4387302
-5.665066,-2.6774158,6.9009113
-6.063339,-3.226015,7.041954
-5.529413,-3.8036613,7.058424
-4.444193,-3.9977074,6.4211864
-5.3242874,-3.3508873,7.3965073
-6.2930202,-2.3764648,7.7986736
-5.8707905,-2.168644,7.5186844
-5.9693108,-1.7050896,7.982538
-6.0917873,-1.2918434,8.190659
-5.56415,-0.9561558,7.944208
-5.692316,-0.6312485,7.9100704
-5.988476,-0.38749313,8.573959
-6.9206753,-0.25124168,9.071352
-6.402321,-0.61328125,8.677271
-5.2344513,-0.64172935,7.4791565
-5.665066,-1.7925301,7.901087
-5.568342,-2.6872978,7.660925
-5.8603096,-3.0172958,7.6552353
-4.367832,-3.5688896,5.7123795
-4.869417,-3.8896046,6.7742424
-6.292122,-2.2779446,8.338888
-5.319496,-1.9437542,8.158916
-5.6180515,-1.696106,8.315231
-5.650692,-1.4245014,8.23348
-5.8938484,-0.8037338,7.7471676
-5.7764626,-0.47912598,7.4483128
-6.511921,-0.7333622,9.141724
-7.288704,0.2892723,9.714579
-5.5249214,-0.6614933,6.9128895
-6.0462704,-1.5481758,7.6845818
-5.4443684,-2.0659313,7.6618233
-5.638115,-3.352684,7.076391
-4.414547,-3.3655605,5.877079
-4.7475395,-2.6534595,7.6836834
-6.7883167,-1.679636,8.201439
-6.098974,-1.3199921,7.7603436
-6.164854,-0.8234978,8.016077
-5.66267,-0.77438736,8.105314
-5.407236,-0.42342758,8.923721
-7.3734493,-0.3054428,10.821959
-5.2443333,-0.6593971,7.0410557
-5.903431,-1.7676754,7.24139
-5.8642025,-2.3899403,7.2539673
-4.9613495,-5.055977,6.0336933
-1.158886,-10.048769,3.8590603
-1.9183006,-8.675774,1.6233387
3.4607868,-9.341459,-0.13924599
5.2769737,-8.555992,-1.3732948
7.8717403,-5.2736797,-2.2575817
10.030502,-1.463131,-2.4905567
9.507956,-2.2012844,-1.6949081
8.791962,-4.0405293,-1.0298214
8.731472,-4.077362,-1.4155178
8.484123,-8.08555,-1.1076794
11.115723,-5.8806725,2.575901
4.208523,-4.9302063,8.991697
1.9865761,-1.6041737,7.0467453
2.4582157,0.95885086,9.199219
1.2166805,1.3202915,10.294022
