0.086517334,-0.21011353,0.15426636
0.06591797,-0.11550903,0.040893555
0.06149292,-0.0045776367,-0.04333496
0.0047302246,0.016174316,-0.055847168
-0.05126953,-0.11276245,-0.10345459
-0.19989014,-1.2890625,0.19943237
-0.2470398,-2.8417969,1.4447021
0.46920776,-3.4631348,3.811798
1.9621277,-1.6262817,2.2224426
-0.6512451,-0.5282593,-0.93933105
-0.7041931,-0.62194824,-0.3630066
-0.74508667,0.443573,-0.046844482
-0.6414795,0.64346313,-0.9100342
-0.52627563,0.9727478,-0.49209595
-1.3140869,0.8694458,-0.13183594
-1.7857361,1.1218262,2.7993774
0.16098022,0.21453857,0.97991943
-2.2018433,-0.4472351,-0.05218506
-0.28686523,-2.067566,0.25238037
0.70480347,-1.1680603,1.0131836
-0.032806396,-0.9918213,0.18676758
1.5603638,0.11642456,0.18493652
1.1083984,1.277771,0.81848145
-0.5619812,0.7862854,-0.17364502
-1.836853,-0.18966675,-1.723175
0.1109314,-2.0115662,-0.92910767
0.49713135,-0.028839111,0.29464722
0.4257202,0.22354126,0.27954102
1.5760803,0.5747986,1.4598083
0.8074951,0.0025939941,0.84854126
-1.764679,0.5957031,-1.1584473
-1.4183044,0.5264282,-1.5641785
0.5479431,-1.5977478,0.07614136
0.08163452,0.53359985,-0.41931152
1.1906433,0.52459717,0.6602478
0.9347534,1.401825,0.9301758
0.015106201,1.4390564,-0.26626587
-1.7895508,2.8971863,-0.85769653
-1.3824463,1.9319153,0.8279419
0.9957886,3.157959,1.0437012
0.6086731,2.284851,-0.11489868
1.3821411,3.509674,0.26290894
1.1106873,2.103424,0.09033203
-0.4963684,1.063385,-0.35842896
-2.7198792,1.1637878,-1.6433716
-0.5989075,-1.4494324,-0.77941895
0.7296753,0.052947998,-0.22598267
0.66741943,0.14541626,0.80078125
1.6426086,0.49118042,1.4382935
0.24963379,0.22033691,0.6138611
-2.5134277,-0.30075073,-1.8060303
-0.40359497,-1.9433594,-1.6375732
0.44830322,-0.65841675,-0.09063721
0.566864,0.6201172,0.259552
1.7327881,0.60302734,1.5866089
0.9362793,-0.052337646,0.7620239
-2.2642517,0.18844604,-1.1763
-1.0876465,-0.04043579,-1.776123
0.73638916,-1.0461426,-0.05722046
0.16555786,1.0145569,0.27572632
1.4990234,1.1795044,1.3597107
1.3136292,0.29830933,0.86746216
-1.9815063,0.41625977,-0.92407227
-1.3745117,0.23284912,-1.8377686
0.61553955,-1.315918,0.0831604
0.1512146,0.31417847,-0.31311035
0.798645,1.3604736,0.8848572
1.4808655,1.2390137,1.043396
-0.8343506,1.0571289,-0.5125427
-2.445984,2.3927307,-0.91796875
0.20462036,0.92300415,0.33050537
0.5265808,1.6719055,-0.038146973
0.574646,3.0781555,0.5711365
0.51971436,2.9846191,0.14205933
-0.46051025,3.028717,-0.51589966
-2.6687622,3.0589294,-0.2746582
-0.9086609,0.39001465,0.32577515
0.21316528,0.7220459,0.35934448
0.5844116,1.1151123,0.44433594
1.1888123,-0.38589478,0.70892334
0.96725464,-0.41397095,0.8514404
-0.23574829,-0.22247314,-0.09628296
-2.2195435,-0.395813,-1.8156433
-0.050964355,-2.3158264,-1.31073
0.9359741,-0.45043945,-0.22979736
0.36087036,0.65948486,0.45547485
1.4953613,0.44784546,1.3198853
0.80856323,0.064086914,0.8312988
-1.8943787,0.40481567,-0.8984375
-1.0882568,-0.26412964,-2.017212
0.6134033,-1.7279053,-0.19058228
0.29083252,0.54016113,-0.37750244
1.0946655,0.6262207,1.1883545
1.0632324,0.41015625,1.4373779
-0.094451904,0.282135,-0.055236816
-2.2782898,0.046539307,-2.0503235
-0.2987671,-1.6593933,-1.1871338
0.6694031,0.6680298,0.07873535
0.7723999,1.1915588,1.0850525
1.2989807,0.796051,1.522522
0.12878418,0.4296875,0.34423828
-2.4908447,-0.018615723,-2.0271301
-0.45578003,-1.5359497,-1.1625671
0.3173828,-0.085754395,0.22796631
0.40237427,0.31829834,0.10498047
0.83206177,2.0376587,0.86486816
-0.2166748,2.9393005,0.19256592
-1.1717224,1.8814087,-0.6213379
-1.302948,2.575531,1.2969971
-0.544281,2.698822,1.2840271
0.9033203,2.8903198,0.3652954
1.2858582,2.7383423,0.6088257
0.8216858,1.7372131,0.83343506
0.44448853,0.4298401,0.5004883
-2.1847534,0.6361389,-1.778717
-0.9970093,-0.66207886,-1.2561035
0.57128906,-0.8818054,-0.29388428
0.20614624,0.87371826,0.20690918
1.4738464,0.5654907,1.7396545
1.0009766,0.112457275,1.2252808
-1.7182922,-0.07324219,-1.0238647
-1.1730957,-0.3805542,-2.0611572
0.4196167,-2.3835754,-0.3816223
0.5645752,0.069122314,-0.5030823
1.0018921,0.46279907,1.7858887
1.4393616,0.24597168,0.88668823
-1.0609436,-0.08300781,-0.5693054
-1.9152832,1.1212158,-1.8928528
-0.068359375,-1.8336487,-0.34179688
0.3753662,0.65185547,-0.20126343
1.3644409,1.2089539,1.502533
1.2998962,1.3868713,1.1961365
-0.4437256,0.05126953,-0.12817383
-2.3503113,0.6152344,-2.1218872
-0.16082764,-2.2061157,-0.57128906
0.5343628,0.947876,-0.017700195
0.5319214,0.7646179,0.40863037
1.0160828,1.9830322,0.89767456
-0.48843384,2.14859,-0.29327393
-1.2632751,2.6220703,-0.24230957
-1.6453552,3.7812805,1.6218567
0.31036377,2.6771545,1.2728882
0.6265259,1.078186,-0.14602661
1.5016174,2.587738,0.49331665
0.97579956,2.2161865,0.9082031
0.06500244,0.36224365,0.32928467
-1.8182373,0.19973755,-1.7497253
-0.43380737,-0.80841064,-1.6333008
0.3465271,-1.7030334,0.12939453
0.53756714,0.07095337,-0.33325195
1.4155579,0.3112793,1.6169739
1.2236023,0.5433655,1.1123657
-1.6429138,0.6617737,-0.9564209
-1.5396118,-0.3314209,-1.897583
0.605011,-2.1395874,-0.33691406
0.36712646,0.5430603,-0.30670166
1.3334656,0.0073242188,1.5948486
1.1357117,0.3742981,0.8947754
-1.4707947,-0.1387024,-0.710907
-1.4472961,0.6930542,-2.0333862
0.41793823,-2.0539856,-0.1473999
0.12680054,0.96939087,-0.19256592
1.426239,1.2892151,1.0986328
1.2695312,0.6063843,1.2550354
-0.85647583,0.48568726,-0.3642273
-2.1328735,1.0745239,-2.0288086
0.065460205,-2.3745728,-0.2949524
0.05859375,0.6716919,0.11642456
0.99624634,0.8378601,0.21057129
0.3843689,2.622223,0.72998047
-0.7255554,2.530365,-0.11230469
-0.8981323,2.843933,0.21774292
-0.8705139,3.0906677,1.3505554
0.418396,2.307434,0.35446167
0.9222412,1.8740845,0.1651001
1.3964844,2.7008057,0.68618774
1.033783,1.0992432,0.56900024
-0.8569336,0.62164307,-0.62179565
-1.9596863,1.2513733,-2.1694946
-0.2255249,-2.3695374,-0.6668091
0.14816284,0.43807983,-0.029144287
1.2011719,-0.09475708,1.5194702
1.3293457,0.24963379,1.2722778
-0.27069092,-0.18997192,0.082092285
-2.3786926,-0.111694336,-2.1412659
0.020904541,-2.6828003,-1.2265015
0.41015625,1.0842896,-0.35110474
1.4219666,0.6817627,1.5675354
1.4472961,0.72021484,1.2986755
-0.90560913,0.09994507,-0.46066284
-1.971283,1.1398315,-2.1585083
0.24108887,-2.2805786,-0.18493652
0.04562378,0.6958008,-0.22521973
1.6853333,1.2026978,1.4176941
1.1943054,0.81314087,1.0115051
-1.667633,-0.22415161,-0.76034546
-1.3160706,0.58670044,-1.9908142
0.7040405,-1.7590332,-0.010375977
0.061187744,1.0566711,-0.7296753
0.4284668,3.060608,0.7789612
-0.18737793,3.6029053,0.43121338
-1.7860413,2.8921509,-0.62820435
-1.4961243,2.104187,0.52108765
-0.85632324,1.7436218,0.94421387
0.5075073,0.61065674,0.22384644
1.4971924,2.2416687,0.7420349
1.1436462,1.823883,0.93292236
1.0717773,0.5279541,0.50720215
-2.0401,1.0516357,-1.5519714
-1.4607239,0.5470276,-1.9825745
0.2218628,-1.7797852,-0.07446289
0.34240723,0.8868408,0.01373291
1.5634155,0.06515503,1.6365051
1.0325623,0.5281067,1.0519409
-1.734314,-0.11306763,-1.1036682
-1.1099243,-0.32943726,-1.9447327
0.46691895,-2.2917175,-0.11306763
0.31463623,0.60943604,-0.35736084
1.4892578,-0.13626099,1.6079712
1.2141418,0.5177307,1.1091614
-0.7759094,-0.32211304,-0.64468384
-1.7585754,0.25558472,-2.060852
0.073394775,-1.6275024,-0.7635498
0.29830933,0.801239,0.008087158
1.2255859,1.0430908,1.315918
1.2542725,1.0636902,1.3383484
-0.70144653,0.035247803,-0.3250122
-2.2286987,0.9942627,-2.062378
0.108795166,-1.8673706,-0.38894653
0.32806396,0.655365,-0.08743286
0.44082642,1.5170288,0.07873535
-0.2418518,2.8079224,0.81222534
-1.2744141,3.5575867,-0.7022095
-1.2426758,1.6072083,1.3088989
-0.92025757,2.5067139,1.4732361
0.19561768,1.7800903,0.7752991
1.633606,1.675415,0.4058838
1.993103,1.5118408,1.0787964
0.57418823,1.7202759,0.002746582
-0.34301758,0.48690796,-0.34179688
-2.1624756,0.8003235,-1.8328857
-0.60165405,-1.9953918,-1.1677551
0.28030396,0.014801025,-0.072631836
1.0392761,-0.06362915,1.0342407
1.5838623,0.24673462,1.2081909
0.16265869,0.055999756,0.5545044
-2.6687622,-0.35964966,-2.2010803
-0.19744873,-2.5723267,-1.4562988
0.5958557,0.4232788,0.077819824
0.6562805,1.2174988,0.28015137
1.8397522,1.2806702,1.3679504
0.65444946,0.7423401,0.8053589
-2.3510742,0.8102417,-1.8077087
-0.9637451,-0.33462524,-1.5446472
0.5441284,-0.87997437,0.11062622
0.3352356,0.96984863,-0.11871338
1.5339661,0.66101074,1.5596008
0.89782715,0.40847778,1.0656738
-1.653595,0.24673462,-0.8377075
-1.3447571,-0.0073242188,-1.7843628
0.73349,-1.8081665,0.012969971
-0.10574341,0.7911682,-0.94711304
0.97106934,1.5264893,1.0804749
0.45669556,1.7747498,0.56915283
-1.1682129,1.1419678,-0.32058716
-1.4222717,2.2647095,-0.32028198
-1.2503052,1.9999695,1.7468262
0.5445862,2.992096,0.78430176
1.0461426,2.0085144,0.25634766
1.7657471,2.8218079,0.6855774
0.7171631,2.05307,0.38528442
-0.2531433,1.3641357,-0.5860901
-2.3674011,1.2547302,-2.165985
-1.1105347,-1.0762024,-0.76049805
0.5621338,0.2786255,0.25741577
0.6474304,-0.105895996,1.2287903
1.6668701,-0.49423218,1.1044312
0.53604126,-0.16479492,0.7003784
-2.4806213,-0.43685913,-1.6989136
-0.7736206,-1.4886475,-1.8815613
0.6427002,-1.1322021,-0.046844482
0.43075562,0.43121338,0.103149414
1.8211365,0.5821228,1.481781
1.043396,0.2922058,0.7211304
-2.0960999,-0.60043335,-1.0038757
-1.20224,-0.33721924,-2.083435
0.6652832,-1.3314819,-0.22277832
0.021820068,0.5743408,-0.1260376
1.7922974,1.8307495,1.4916992
1.2158203,0.75546265,0.99487305
-1.4398193,0.3239441,-0.7017517
-1.7324829,1.091156,-2.1539307
0.23025513,-2.0855713,-0.15716553
0.28625488,0.6492615,-0.14175415
1.608429,0.8453369,0.94436646
0.82229614,0.74172974,1.2988281
0.13336182,0.9043884,-0.17684937
-2.7304077,1.1413574,-2.0857239
-0.06210327,-1.1193848,-0.49057007
0.8998108,3.2003784,0.9048462
0.40115356,2.3384094,-0.6915283
0.3163147,4.5446777,0.68740845
1.042633,3.596344,-0.57373047
-1.6398621,2.678833,-1.6229248
-1.9294739,1.5124512,-1.526947
-1.2823486,-0.8860779,-0.13763428
0.66482544,0.72875977,0.45837402
1.8191528,0.37506104,1.4909363
1.2670898,0.6921387,1.1268616
-0.8253479,-0.2722168,-0.20309448
-2.07901,0.84747314,-1.7852783
-0.20080566,-2.909851,-1.0646057
0.47912598,0.046844482,-0.6817627
1.750946,-1.1723328,1.3250732
1.5130615,1.1778259,1.1647034
0.038757324,0.5003357,0.025482178
-2.7807617,-0.17044067,-2.0822144
-0.40756226,-1.5005493,-1.4155579
0.617218,0.6918335,0.1890564
1.617279,0.63339233,0.92315674
1.2554932,1.3444519,1.4306641
-0.36102295,0.6564331,-0.131073
-2.3509216,0.9107971,-2.2613525
-0.16189575,-2.7967834,-0.8880615
0.4434204,0.8117676,-0.08560181
1.5138245,-0.08239746,0.85998535
1.1965942,1.7739868,1.446228
-0.22964478,0.38360596,-0.09414673
-2.4290466,1.4640808,-2.1026611
0.36193848,-0.75531006,-0.63674927
0.44082642,2.8222656,1.1361694
0.30044556,1.3485718,-0.5934143
0.44784546,3.7962341,0.50994873
-0.7737732,3.8713074,-1.4637756
-3.2040405,2.5569153,-0.4711914
-1.537323,0.3123474,0.80215454
0.45822144,1.0769653,0.37597656
1.9204712,1.8084717,1.1917114
1.1842346,0.12130737,1.4099121
0.6575012,0.22155762,0.43655396
-2.4432373,0.6388855,-2.0202637
-1.1671448,-1.3923645,-1.5794373
0.7789612,-0.6109619,-0.116882324
0.4801941,0.6732178,0.6915283
1.8597412,0.11657715,1.5742493
0.7928467,0.23727417,0.9025574
-2.057953,0.017089844,-1.6021729
-0.79833984,-1.0734558,-1.9888306
0.47790527,-1.351471,-0.23071289
0.5560303,0.4345703,0.06011963
1.5750122,0.4296875,1.778717
0.88623047,0.36972046,0.8039856
-1.9294739,0.2508545,-1.4549255
-0.81695557,0.19119263,-1.966095
0.24398804,-1.2669373,0.26138306
0.36773682,0.9487915,0.078125
1.585846,1.2767029,1.5386963
1.1048889,0.3479004,1.103363
-1.6162109,0.87127686,-1.0531616
-1.2333679,-0.029907227,-2.0596313
0.488739,-1.7895508,0.10971069
-0.38833618,1.1561584,-0.7954407
0.37902832,2.9634094,0.7965088
-0.41656494,2.770691,0.6112671
-1.8974304,3.1307983,-0.0033569336
-1.3137817,1.5907288,1.6494751
-0.31814575,2.7964783,1.3638306
0.5680847,1.6886902,0.39108276
1.0980225,1.6262817,0.4272461
1.6416931,1.6650391,1.5351868
0.9251404,0.3123474,1.0282898
-0.82717896,0.103759766,-0.8743286
-2.140503,0.93536377,-2.0980835
-0.15319824,-2.252655,-1.0275269
0.31555176,0.5293274,-0.14251709
1.3586426,-0.6329346,1.5640259
1.3685608,0.6492615,1.3993835
-0.7344055,-0.26123047,-0.26870728
-2.0080566,0.44326782,-2.4038696
0.13595581,-2.8178406,-1.2498474
0.6480408,1.2564087,-0.026855469
1.4898682,0.56518555,1.5589905
0.8880615,0.45547485,1.1106873
-0.39718628,-0.051879883,-0.05340576
-2.1691895,1.1265564,-2.3571777
-0.43914795,-2.1595764,-0.5693054
0.12756348,1.4498901,-0.15396118
1.7781067,0.756073,1.5914917
1.1547852,0.56137085,1.1717224
-0.34851074,0.12283325,0.14892578
-2.180481,0.8226013,-2.2958374
-0.4588318,-2.5067139,-0.67214966
0.35568237,1.2423706,-0.042419434
1.1289978,0.20385742,0.57540894
0.2798462,2.6217651,0.6654358
-0.78308105,1.8515015,0.36392212
-1.0533142,2.894287,-0.42114258
-1.1651611,3.0567932,1.4414978
0.80566406,2.4110413,0.46951294
1.1334229,2.1725464,0.39627075
1.1103821,2.2113037,0.82992554
0.83709717,0.58380127,0.26657104
-2.0133972,1.298523,-1.1538696
-1.5397644,0.18447876,-2.3146057
0.51834106,-1.4163208,-0.09918213
0.36071777,0.9965515,0.2584839
1.5910339,0.6137085,1.6363525
0.84259033,0.34301758,0.7800293
-1.8066406,0.3793335,-0.8605957
-1.14151,-0.7141113,-2.3519897
0.6651306,-1.7790222,-0.050201416
0.27648926,0.7765198,0.033721924
1.492157,-0.2619934,1.6860962
0.9384155,0.12832642,0.7409668
-1.4804077,-0.15792847,-0.3894043
-1.3708496,-0.08880615,-2.685089
0.71136475,-1.589508,-0.16143799
0.31051636,0.904541,0.21057129
1.6555786,0.980072,1.9781494
1.1083984,0.5290222,0.5215454
-1.9085693,0.06149292,-0.488739
-1.6177368,0.38497925,-2.5132751
0.5052185,-1.4526367,0.13839722
-0.33065796,0.48980713,-0.21072388
1.1372375,3.186493,0.4637146
-0.077056885,1.3426208,1.0925293
-0.57388306,3.4487915,-0.40115356
-2.0474243,2.4432373,0.93582153
-0.4182434,2.915039,1.5625
0.9562683,2.473755,0.31982422
1.8054199,2.9615784,1.333313
0.8982849,0.5332947,1.1471558
-0.18188477,0.12420654,-0.23330688
-2.5491333,1.9815063,-2.2575378
-1.2078857,-1.6479492,-1.3366699
-0.54977417,-1.0023499,0.17074585
1.2863159,1.3909912,1.7037964
2.2872925,-0.43029785,1.2843323
0.8061218,-0.5039978,0.9295654
-2.4040222,0.24642944,-1.5455627
-0.70098877,-0.660553,-2.5283813
0.30197144,-1.2176514,-0.056610107
0.60821533,0.6202698,0.54382324
1.9412231,0.9880066,1.463623
0.9623718,0.4925537,0.77804565
-2.388916,0.5895996,-1.5286255
-0.99502563,-1.1715698,-1.943512
0.62683105,-0.35827637,-0.23040771
0.5938721,0.5194092,0.6222534
1.5667725,0.80062866,1.2471008
0.8010864,0.29556274,0.77285767
-1.9799805,0.31723022,-0.95428467
-0.95306396,0.089416504,-1.739502
1.1404419,-0.10772705,0.3930664
-0.36941528,0.8178711,-0.51864624
0.8683777,2.832489,0.7208252
0.18493652,2.5556946,0.27389526
-1.7536926,3.357544,-0.95703125
-2.1339417,2.193756,0.66864014
-1.0855103,1.9682312,0.91522217
1.5901184,1.574707,0.68130493
1.7630005,1.9091797,0.8451843
1.1012268,1.35849,0.8428955
-0.854187,0.7710266,-0.519104
-2.148285,1.4367676,-2.311554
-0.21270752,-2.5872803,-0.5125427
0.43930054,0.675354,-0.11672974
1.481781,-0.60684204,1.421814
1.4241028,0.7887268,1.0374451
-0.7574463,-0.10192871,-0.041656494
-1.8197632,0.5731201,-2.3579407
-0.050201416,-2.3388672,-1.0214233
0.19332886,0.87249756,-0.09384155
1.6435242,0.02319336,1.6200256
0.92819214,0.7194519,1.1740112
-0.44509888,0.03463745,-0.050964355
-1.5518188,1.2028503,-2.4624634
0.027923584,-2.638092,-1.0067749
0.16464233,0.78964233,0.6391907
1.272583,0.34500122,1.1940002
1.3082886,0.4598999,1.2782288
-0.31478882,-0.17486572,-0.061035156
-2.360077,0.6135559,-2.4617004
-0.466156,-1.5678406,-0.67337036
0.8276367,1.357727,0.14068604
0.080718994,1.8525696,0.11779785
0.32333374,4.0031433,1.1907959
-1.1180115,3.346405,-0.5522156
-2.5772095,2.282257,-0.48065186
-1.8302917,1.2562561,1.4387512
0.6906128,1.6957092,0.75057983
2.1374512,2.62146,1.0453796
1.1682129,1.5690613,1.0250854
0.47042847,0.52368164,0.32913208
-2.6234436,0.8981323,-1.8678284
-1.1282349,-0.8554077,-1.4775085
0.761261,-0.2937317,0.231781
0.30166626,-0.59768677,1.1364746
1.8193054,-0.028686523,0.7583618
1.0383606,-0.3741455,0.6150818
-2.3240662,0.23010254,-1.1727905
-0.83862305,-0.6439209,-2.231903
0.7295227,-1.4260864,0.04623413
0.49484253,0.7095337,0.18508911
1.5174866,0.10620117,1.8331909
0.8796692,0.0076293945,0.58792114
-1.4004517,0.25619507,-0.39978027
-1.678009,1.120758,-1.9360352
0.3503418,-1.3473511,-0.17364502
0.41030884,1.4129639,-0.14099121
1.280365,0.8392334,1.7433167
1.1499023,0.6689453,0.7421875
-0.70617676,0.11993408,-0.42678833
-2.0277405,0.77926636,-2.0774841
0.3274536,-2.358551,-0.75668335
0.36880493,1.4707947,0.12741089
0.5255127,1.9773865,0.59158325
0.8590698,2.8627014,0.7420349
-1.0409546,3.0775452,-0.8496094
-1.7160034,2.0726013,-0.3857422
-1.5727234,2.6435852,1.0647583
0.2319336,1.9526672,0.7836914
1.1849976,1.9433594,0.5793762
1.2039185,1.8167114,1.1056519
0.99487305,0.38635254,0.7922363
-1.6282654,1.0520935,-0.9210205
-1.7358398,0.39871216,-2.34375
0.43762207,-2.3150635,0.06881714
0.21621704,1.1138916,-0.4182434
1.6062927,-0.22521973,1.9897461
0.99731445,-0.10971069,0.79452515
-1.2213135,0.24551392,-0.44662476
-1.4883423,0.97457886,-2.332306
0.19042969,-3.085022,-0.5670166
0.38009644,0.9274292,-0.4701233
1.6722107,0.04272461,1.4831543
1.1270142,0.07904053,1.0751343
-0.7180786,0.30456543,-0.20431519
-2.1195984,1.068573,-2.3121643
-0.22354126,-2.5346375,-0.6877136
0.5947876,1.0462952,-0.056610107
1.832428,0.82702637,1.6720581
0.9919739,0.5593872,0.82336426
-1.2710571,0.012359619,-0.3175354
-1.476593,1.1764526,-2.4397278
0.054779053,-2.2833252,0.094451904
0.18325806,1.0621643,-0.64941406
0.5770874,2.2711182,1.089325
-0.20477295,2.9963684,0.5192566
-1.6305542,2.912445,0.33218384
-1.368866,3.9108276,1.4315796
-0.51330566,2.6194763,1.1714172
1.0777283,2.3664856,0.8924866
1.4941406,1.8032837,1.1100769
1.0510254,0.82336426,0.9642029
-0.8404541,0.16998291,-0.2833557
-1.9555664,0.76065063,-2.5013733
-0.29571533,-2.9136658,-0.72006226
0.54977417,0.68634033,-0.032196045
1.5179443,-0.33691406,1.6098022
1.2504578,0.32852173,1.0246277
-0.9718323,-0.21316528,-0.29464722
-1.9692993,-0.24337769,-2.0552063
0.13519287,-1.9267273,-0.8403015
0.46783447,0.62789917,-0.29144287
1.6772461,-0.24658203,1.493988
1.0700989,0.38101196,1.0939026
-0.8604431,0.21347046,-0.52734375
-1.3510132,1.7837524,-2.0220947
-0.80856323,-1.5148926,-0.23300171
0.22964478,0.98083496,0.109558105
2.3208618,1.5248108,1.7060852
1.0462952,0.7446289,1.1164856
-1.3258362,0.2534485,-0.38909912
-1.4915466,0.09719849,-2.6470947
0.30075073,-2.1229553,-0.39642334
0.032196045,0.28152466,-0.40756226
1.3822937,1.6526794,1.0539246
0.5760193,1.9674683,0.7183838
-1.506958,2.443695,-0.5633545
-1.572113,2.514038,0.2507019
-0.022735596,3.3384705,1.5197754
1.2149048,2.4578857,-0.18569946
0.8908081,2.9316711,0.79467773
1.0371399,1.9126892,0.90805054
0.21881104,0.81588745,-0.06362915
-2.9545593,0.70755005,-1.8161011
-1.0455322,-0.5761719,-1.6151428
1.0391235,0.09613037,0.1335144
0.66619873,0.5282593,1.3208008
1.6618347,-0.1928711,1.5141296
0.31585693,0.5328369,0.27801514
-2.6853943,-0.0021362305,-2.122345
-0.4725647,-2.3176575,-1.5924072
0.8457947,0.38909912,-0.053710938
0.5633545,0.5560303,1.1410522
1.7100525,-0.11505127,1.6752625
0.3970337,0.4144287,0.25283813
-2.5473022,-0.29953003,-2.0703125
-0.68878174,-1.9371033,-2.0735168
0.9550476,0.29205322,0.21133423
0.65689087,1.1734009,0.91567993
1.7515564,0.77667236,1.3661194
0.35079956,0.018615723,0.63690186
-2.7215576,0.43014526,-1.8148804
-0.56396484,-1.2059021,-1.28479
0.9576416,0.29586792,0.37353516
0.40756226,0.29418945,0.21911621
1.5385437,1.8745422,0.8529663
-0.14923096,2.2947693,0.19500732
-1.4749146,2.7981567,-1.2484741
-1.4982605,2.879486,0.69107056
-0.26565552,2.9884338,0.8441162
1.2631226,2.5778198,0.058135986
1.1799622,3.274994,1.0005188
0.6800842,1.4726257,0.50964355
-0.42770386,0.7652283,-0.2293396
-2.41745,1.5664673,-2.2721863
-0.7460022,-1.8312073,-0.95565796
0.58303833,0.49362183,0.22705078
0.9881592,-0.8213806,1.5672302
1.3748169,-0.17990112,1.0015869
-0.24291992,0.24917603,0.43243408
-2.4191284,-0.19470215,-2.4365234
-0.16677856,-2.5190735,-1.6230774
0.67733765,0.7609558,0.0692749
1.2075806,-0.93795776,1.3612366
1.7199707,1.2464905,1.0398865
0.11886597,0.29769897,0.14221191
-2.5701904,0.88287354,-2.1380615
-0.5126953,-1.4183044,-1.3320923
1.0565186,1.2295532,0.072631836
1.4039612,0.91308594,1.7514038
1.187439,1.3619995,1.0951233
-0.6126404,0.57418823,-0.2961731
-2.2349548,0.44158936,-2.2750854
-0.31860352,-2.228241,-1.0047913
0.64224243,0.6945801,0.31021118
1.3783264,0.33416748,0.74768066
0.87371826,0.65353394,1.2519836
0.33325195,1.8345642,0.10360718
-2.0542908,2.6960754,-1.6471863
-0.6738281,0.39978027,-0.07232666
1.5597534,2.2721863,0.49743652
0.54992676,0.99594116,0.15655518
1.0296631,3.2505798,0.38711548
0.86654663,3.190155,-0.3630066
-1.3743591,2.3724365,-0.89126587
-1.7935181,2.4369812,-2.307434
-0.46340942,-1.1982727,-0.3086853
0.45791626,1.0179138,0.5155945
1.3676453,0.20690918,1.8714905
1.1842346,0.10848999,1.2319946
-0.8451843,-0.13290405,-0.1550293
-1.9595337,0.5067444,-2.5042725
-0.09048462,-2.4215698,-0.67611694
0.64346313,0.69244385,0.15487671
1.459198,0.16647339,1.173706
1.0513306,-0.33538818,1.589508
-0.34210205,0.6036377,-0.49575806
-2.1574402,-0.06484985,-2.4876404
-0.0016784668,-1.9511414,-1.0317993
0.6776428,0.8277893,0.31433105
1.1401367,-0.21179199,1.2712097
0.9638977,0.34240723,1.2825012
0.2975464,-0.06271362,-0.13580322
-2.433319,0.3074646,-2.0523071
-0.6919861,-0.6690979,-1.1201477
0.26168823,0.5935669,0.089416504
1.351471,0.03616333,1.600647
1.2765503,0.9516907,1.020813
0.16769409,0.635376,0.25772095
-2.3580933,0.6503296,-1.9647217
-0.18722534,-1.7575073,-1.2808228
1.1381531,1.3708496,0.74798584
-0.043792725,1.103363,-0.7815552
-0.2029419,3.7641907,0.7197571
-1.8153381,5.042572,-0.46646118
-1.960907,2.635498,0.56869507
-1.1294556,2.1195984,0.81573486
1.2023926,1.5150452,1.0475159
1.8299866,2.3942566,1.510315
1.2591553,0.45135498,0.98861694
-1.3157654,0.77789307,-0.84976196
-1.8206787,0.43258667,-2.9045105
0.39596558,-2.8993225,-0.069885254
-0.24032593,0.38375854,-0.11993408
2.0065308,-1.0462952,1.2158203
1.3368225,-0.64590454,1.1347961
-2.0306396,0.50064087,-1.3549805
-0.8276367,-0.9162903,-2.5317383
0.44692993,-1.6653442,-0.17089844
0.64208984,1.2712097,0.5592346
1.9805908,2.0536804,1.8002319
0.8590698,0.7458496,0.54519653
-2.546997,1.1372375,-2.0890808
-0.9161377,-1.0281372,-1.5618896
0.66238403,-0.005340576,0.15686035
0.7975769,0.4598999,0.9677124
1.8289185,0.65567017,1.3896179
0.1411438,1.1564636,0.14831543
-2.4513245,-0.011291504,-1.7913818
-0.34622192,-1.5209961,-1.2826538
1.2322998,1.7034912,0.19805908
0.16113281,0.7646179,-0.042114258
0.1322937,4.3681335,0.88897705
-1.2657166,3.957672,-0.7775879
-1.7747498,3.1678772,-0.53619385
-2.3960876,1.4820862,1.3607788
0.008239746,1.1784363,0.52749634
2.2151184,1.0087585,1.5148926
1.8011475,1.051178,1.2651062
0.8203125,0.6303406,0.493927
-2.5254822,0.10925293,-2.0169067
-0.83236694,-1.3511658,-2.1899414
0.80947876,-0.62454224,-0.03677368
0.5633545,0.18371582,1.4329529
2.2213745,0.066986084,1.2950134
-0.33493042,0.5882263,0.1020813
-2.138977,0.3564453,-2.8475952
-0.21972656,-2.9837036,-1.2142944
0.56137085,0.85235596,0.045776367
2.042694,0.51742554,1.6822815
1.0552979,1.2991333,1.0661316
-0.90560913,-0.55145264,-0.64437866
-1.6107178,0.9475708,-2.3579407
-0.30303955,-2.3080444,-0.12908936
0.22735596,1.0710144,-0.23330688
1.876831,1.0115051,1.9909668
0.9397888,1.1235046,0.80184937
-1.2232971,0.51727295,-1.1505127
-1.958313,1.554718,-0.99838257
0.0035095215,2.050476,1.5615845
1.721344,3.2493591,0.23712158
0.7824707,3.2983398,-0.46142578
1.1579895,2.623291,0.8554077
0.6652832,3.279419,-0.89782715
-2.5624084,1.2921143,-1.8942261
-1.0282898,0.6880188,-2.2561646
0.0074768066,-1.5888977,0.17044067
0.5657959,0.9805298,0.50201416
1.3693237,0.023040771,1.8867493
1.1683655,-0.050964355,0.9484863
-1.6629028,-0.5128479,-1.2043762
-1.1811829,-0.5506897,-1.907959
0.51330566,-1.5538025,0.08605957
-0.3289795,-0.106048584,-0.08468628
1.8530273,0.5404663,0.778656
1.0484314,0.2786255,0.7559204
-2.0339966,-0.40512085,0.13259888
-2.463684,1.1917114,-1.428833
1.0160828,0.24307251,0.054779053
-0.17837524,-0.5267334,0.1121521
1.071167,3.7315369,0.057373047
0.1864624,3.9793396,-1.0064697
0.016021729,2.9647827,-1.2649536
-0.2029419,2.4319458,-2.0933533
0.39733887,1.8212891,-4.7236633
0.8300781,3.2357788,-1.2654114
0.24612427,1.9306946,-0.18325806
-0.08407593,-0.41152954,-0.089263916
0.22735596,-0.16540527,0.16601562
0.22964478,0.02029419,0.043945312
-0.0051879883,-0.07476807,-0.058135986
0.10925293,-0.10513306,-0.15945435
0.044403076,-0.072631836,-0.1687622
0.04196167,-0.050811768,-0.12512207
0.045776367,-0.04348755,-0.10543823
0.06210327,-0.0132751465,-0.08880615
0.06439209,-0.016021729,-0.033111572
0.01159668,-0.011444092,-0.043792725
0.009002686,-0.02609253,-0.057678223
0.003967285,-0.018615723,-0.03326416
-0.081329346,-0.28533936,-0.09140015
0.018463135,-0.41732788,-0.103759766
0.058441162,-0.81344604,0.052947998
0.43579102,-4.6037292,2.433014
0.9661865,-3.044281,4.372406
1.1456299,-0.49697876,-0.3111267
-0.123291016,-0.9069824,-0.5279541
-0.17364502,-0.037078857,-0.23040771
-0.9866333,-0.03540039,2.3114014
0.44021606,-0.37704468,3.625946
-0.74676514,-1.3746643,2.8016663
-0.33538818,-0.1701355,-0.607605
0.12649536,0.79315186,-0.44525146
-0.04135132,-0.17974854,0.12756348
0.054473877,-0.3463745,0.011749268
0.13778687,-2.0477295,0.1701355
-0.6454468,0.9487915,-0.42861938
-0.44174194,1.0990906,-0.8592224
-0.44754028,-0.29052734,-0.31036377
-0.18127441,0.1385498,-0.09811401
-0.1348877,-0.02746582,0.015258789
0.12817383,-0.058288574,0.15197754
0.16113281,-0.05142212,0.17852783
0.06713867,-0.03555298,0.110321045
0.15136719,-0.13214111,0.14526367
0.08270264,0.04852295,0.097961426
-0.12573242,0.09567261,0.23254395
-0.010070801,0.18707275,0.60409546
1.247406,0.113220215,1.461792
2.3370361,-0.25405884,1.351471
1.5788269,0.03387451,0.6794739
1.0525513,-0.36392212,0.8558655
0.63079834,-0.7418823,0.49240112
0.6303406,0.23406982,0.42938232
0.45700073,0.23727417,0.34606934
0.34042358,-0.046081543,0.284729
0.24124146,0.07080078,0.26474
0.12786865,-0.124816895,0.14404297
-0.15060425,0.018157959,-0.12939453
-0.3807068,0.24169922,-0.4272461
-0.33355713,-0.042877197,-0.4121399
-0.33599854,-0.23513794,-0.25512695
-0.2166748,-0.26657104,-0.21118164
0.18127441,0.013580322,0.13137817
0.45166016,0.062561035,0.33950806
0.2886963,1.5258789E-4,0.26885986
0.28182983,0.18325806,0.24795532
0.19607544,-0.16998291,0.25894165
-0.07385254,-0.025024414,-0.0021362305
-0.3982544,0.021972656,-0.27130127
-0.3881836,0.17791748,-0.3857422
-0.31341553,0.004119873,-0.31158447
-0.21835327,-0.21362305,-0.24597168
-0.09140015,-0.1663208,-0.082855225
0.2999878,-0.093688965,0.2456665
0.3300476,-0.07598877,0.2822876
0.33966064,0.12893677,0.1751709
0.2824402,0.07354736,0.27038574
0.24902344,0.066986084,0.17242432
0.19592285,-0.13549805,0.19042969
0.05142212,0.008087158,0.16235352
-0.3930664,-0.055999756,-0.19042969
-0.39108276,0.21713257,-0.3614807
-0.309906,0.16952515,-0.35720825
-0.27816772,-0.062408447,-0.24475098
-0.14755249,0.054779053,-0.17288208
-0.06515503,0.12573242,-0.038604736
0.15060425,0.28274536,0.12954712
0.181427,-0.086364746,0.20355225
0.18539429,-0.06896973,0.2281189
0.2368164,-0.08377075,0.21331787
0.22415161,-7.6293945E-4,0.15731812
0.18249512,-0.09719849,0.184021
0.15350342,-0.06210327,0.14511108
0.15686035,-0.02029419,0.12420654
0.15548706,-0.08148193,0.12542725
-0.11016846,-0.054473877,-0.023956299
-0.3515625,0.016326904,-0.2558899
-0.29922485,0.10284424,-0.29083252
-0.31585693,0.034179688,-0.2520752
-0.29418945,-0.007019043,-0.24078369
-0.20629883,-0.042419434,-0.1940918
-0.15151978,-0.06866455,-0.12619019
0.084228516,0.05432129,0.06484985
0.23452759,-0.058288574,0.1991272
0.3111267,0.018463135,0.24871826
0.31448364,-0.12298584,0.25222778
0.25115967,-0.12939453,0.16403198
0.22415161,-0.05142212,0.17410278
0.14846802,-0.040740967,0.14694214
0.15350342,0.061035156,0.08010864
-0.0340271,0.069122314,-0.0065612793
-0.24398804,0.2281189,-0.20309448
-0.30212402,0.2519226,-0.36209106
-0.40283203,0.04348755,-0.35003662
-0.39413452,-0.027313232,-0.33599854
-0.27435303,-0.0021362305,-0.23239136
-0.12130737,-0.09017944,-0.08407593
0.11657715,-0.18341064,0.10971069
0.25527954,-0.18203735,0.21316528
0.25558472,-0.122528076,0.21469116
0.31433105,0.08544922,0.23498535
0.31921387,-0.010681152,0.2217102
0.26397705,-0.04119873,0.17364502
0.1737976,-0.14099121,0.17410278
0.15136719,0.039367676,0.13153076
0.15701294,0.004425049,0.07324219
-0.047302246,-0.045166016,0.021972656
-0.38131714,0.15258789,-0.25253296
-0.39352417,0.20248413,-0.33096313
-0.34957886,0.0048828125,-0.26916504
-0.3024292,-0.048065186,-0.2267456
-0.24154663,-0.012512207,-0.21011353
-0.074157715,-0.014801025,-0.06500244
0.1487732,-0.14892578,0.15060425
0.2973938,-0.03555298,0.19592285
0.29708862,0.09414673,0.20767212
0.2682495,0.08743286,0.16403198
0.22033691,-0.27618408,0.16921997
0.17532349,0.036010742,0.14068604
0.13168335,-0.06347656,0.11444092
0.10040283,-0.1348877,0.11306763
0.119628906,0.023040771,0.053253174
-0.14251709,0.14007568,-0.06439209
-0.3578186,0.22644043,-0.32699585
-0.32699585,0.17913818,-0.30273438
-0.30654907,-0.072021484,-0.23757935
-0.25756836,-0.05279541,-0.22277832
-0.21255493,-0.07736206,-0.1663208
-0.07858276,-0.073394775,-0.05432129
0.1701355,0.05432129,0.13168335
0.22277832,-0.057373047,0.20385742
0.29769897,0.1612854,0.18722534
0.29541016,0.09017944,0.19348145
0.22583008,-0.15823364,0.21255493
0.1435852,-0.04333496,0.15014648
0.1298523,-0.054473877,0.092315674
0.11871338,-0.016326904,0.07537842
0.11154175,-0.07522583,0.061798096
-0.17562866,-0.069732666,-0.06530762
-0.36834717,0.10345459,-0.22994995
-0.32470703,0.15396118,-0.2670288
-0.31326294,0.05065918,-0.23544312
-0.26016235,0.027008057,-0.24017334
-0.19378662,-0.07217407,-0.15182495
-0.101623535,-0.05050659,-0.0843811
0.09719849,-1.5258789E-4,0.07659912
0.17074585,-0.14419556,0.1826477
0.21652222,0.07949829,0.13916016
0.21560669,0.025787354,0.13763428
0.20721436,-0.14144897,0.15441895
0.15777588,-0.061645508,0.10269165
0.19851685,0.17730713,0.09567261
0.15945435,0.0059509277,0.10498047
0.118255615,-0.09490967,0.08850098
0.11230469,-0.03982544,0.06210327
0.103149414,-0.0541687,0.072021484
-0.12710571,0.023040771,-0.04837036
-0.39520264,0.11657715,-0.24978638
-0.35202026,0.1512146,-0.29190063
-0.34606934,0.052490234,-0.24734497
-0.27893066,0.014038086,-0.19592285
-0.15594482,0.010375977,-0.16571045
-0.0015258789,-0.09460449,0.0059509277
0.18936157,-0.0730896,0.121917725
0.20385742,-0.0012207031,0.16769409
0.113983154,-0.067596436,0.15350342
0.16983032,0.03555298,0.1322937
0.13061523,0.039215088,0.12756348
0.19729614,0.061645508,0.06576538
0.16616821,0.014038086,0.096588135
0.16052246,-0.015716553,0.080718994
0.08163452,-0.119628906,0.102996826
0.10040283,0.009460449,0.05126953
0.1437378,0.15213013,0.036468506
-0.0048828125,0.007019043,-0.035247803
-0.3829956,0.022125244,-0.22598267
-0.37597656,0.11886597,-0.3125
-0.3111267,-0.15319824,-0.26260376
-0.2975464,-0.10910034,-0.22491455
-0.25268555,-0.07675171,-0.15518188
0.0579834,0.04348755,0.04928589
0.26123047,-0.056152344,0.19378662
0.30090332,0.014038086,0.2546692
0.24520874,0.091552734,0.16082764
0.18295288,7.6293945E-4,0.15228271
0.19378662,-0.11077881,0.115356445
0.16479492,-0.1298523,0.12374878
0.1423645,-0.036468506,0.054779053
0.16342163,-0.06530762,0.07247925
-0.11917114,0.04119873,-0.012969971
-0.37475586,0.14938354,-0.24627686
-0.35614014,0.023345947,-0.25131226
-0.32974243,-0.030059814,-0.22521973
-0.30960083,0.012359619,-0.22079468
-0.27877808,-0.061340332,-0.2003479
0.028076172,0.06729126,0.02822876
0.24169922,-0.2470398,0.22659302
0.3555298,0.27755737,0.29205322
0.36575317,0.5380249,0.0074768066
0.26000977,-0.08880615,0.11413574
0.13122559,-0.13366699,0.22003174
0.14953613,0.013885498,0.15228271
0.114593506,0.008850098,0.07217407
-0.19073486,0.054779053,-0.11123657
-0.29968262,-0.019378662,-0.2708435
-0.2682495,-0.015258789,-0.24017334
-0.26672363,-0.046081543,-0.18920898
-0.1979065,0.012512207,-0.1864624
-0.21987915,-0.14678955,-0.09597778
0.16296387,0.00289917,0.09857178
0.32699585,-0.050048828,0.23605347
0.31341553,0.14389038,0.19989014
0.26016235,0.07156372,0.19943237
0.15029907,-0.092163086,0.16021729
0.15060425,-0.016479492,0.13320923
0.12084961,-0.1260376,0.10757446
-0.15823364,0.0033569336,-0.05432129
-0.34957886,0.09109497,-0.23757935
-0.2796936,-0.124816895,-0.20645142
-0.28137207,-0.046844482,-0.19515991
-0.22720337,0.078125,-0.19836426
-0.19195557,0.0541687,-0.20065308
-0.002746582,-0.08392334,0.04058838
0.2810669,-0.016479492,0.1663208
0.2824402,0.03967285,0.19973755
0.25756836,0.095825195,0.16906738
0.21606445,0.057525635,0.14648438
0.1487732,-0.16143799,0.14892578
0.15609741,-0.18722534,0.1574707
0.15441895,-0.0119018555,0.09780884
-0.083465576,0.181427,-0.010528564
-0.37261963,0.039520264,-0.236969
-0.34484863,0.07888794,-0.27755737
-0.21392822,0.15731812,-0.24154663
-0.1928711,0.017547607,-0.20690918
-0.1625061,0.06378174,-0.13946533
0.12756348,-0.08010864,0.1625061
0.33203125,-0.1878357,0.25863647
0.29022217,0.10620117,0.23635864
0.23742676,-0.018920898,0.1663208
0.13671875,-0.20095825,0.13885498
0.14541626,-0.017089844,0.10803223
0.113220215,-0.053863525,0.07156372
-0.20980835,0.10925293,-0.10498047
-0.3791809,0.04486084,-0.2635193
-0.2519226,0.05706787,-0.19622803
-0.21759033,0.035247803,-0.19302368
-0.21636963,0.083618164,-0.21072388
-0.10284424,0.07980347,-0.10467529
0.21865845,-0.19439697,0.20507812
0.33218384,-0.18081665,0.2682495
0.26062012,0.17822266,0.1600647
0.19714355,0.038909912,0.11505127
0.12893677,-0.12695312,0.15045166
0.13092041,-0.14312744,0.10925293
0.11428833,-0.008087158,0.060272217
-0.22964478,0.13793945,-0.12710571
-0.3552246,0.027923584,-0.26763916
-0.26290894,0.058898926,-0.2230835
-0.1953125,0.03173828,-0.20141602
-0.23269653,-0.019226074,-0.19821167
0.005645752,0.16845703,0.025024414
0.3225708,0.13000488,0.18920898
0.20721436,-0.4878235,0.22872925
0.17715454,7.6293945E-4,0.123291016
0.09841919,-0.110321045,0.13916016
0.021057129,0.29159546,0.01586914
0.13885498,0.4234314,0.0831604
0.18386841,0.13885498,-0.025177002
-0.028839111,0.060577393,0.01876831
-0.23010254,-0.16815186,-0.1461792
-0.2305603,-0.21743774,-0.10345459
-0.3175354,-0.2697754,-0.16326904
-0.22003174,-0.012359619,-0.20141602
-0.23529053,-0.016326904,-0.20355225
0.15106201,-0.008392334,0.1638794
0.3642273,-0.12771606,0.24902344
0.23406982,-0.24749756,0.20065308
0.14694214,0.043182373,0.022277832
0.11779785,0.1159668,0.06774902
0.1550293,0.18035889,0.16540527
0.046539307,0.04119873,0.0440979
-0.21697998,0.43441772,-0.19973755
-0.28167725,0.09384155,-0.2632141
-0.32409668,-0.20507812,-0.17272949
-0.35614014,-0.30273438,-0.3692627
-0.7510376,-0.7998657,-0.5143738
-3.4416199,0.87875366,-1.5174866
-3.6193848,-1.6349792,-1.6880798
-0.35598755,1.3751221,-0.38909912
0.03540039,1.3676453,-1.5153503
-0.32089233,0.90042114,-0.6652832
-0.36209106,0.3277588,-0.23132324
-0.24093628,0.1675415,0.84732056
0.16036987,-0.46279907,1.2522888
0.023803711,-1.007843,0.51742554
0.02960205,-0.34042358,0.8403015
0.16204834,-0.044708252,-0.12420654
-0.10635376,-0.8590698,0.18844604
-0.14968872,-1.7129517,0.053710938
0.36834717,1.1538696,0.15670776
-0.25512695,0.43930054,-2.1365356
0.11276245,1.8942261,-0.42160034
1.0261536,2.1820068,-0.6414795
1.564331,2.2348022,-0.9176636
1.5187073,2.358551,-3.357544
1.6296387,2.7000427,-0.72494507
-0.43289185,0.58532715,0.094451904
0.9048462,-0.35186768,-1.1813354
0.5441284,0.12695312,-0.025024414
0.32592773,0.024108887,-0.13381958
-0.11810303,-0.03250122,-0.25680542
0.048065186,-0.566864,-0.4071045
0.042419434,-0.2192688,-0.6448364
-0.066986084,-0.17089844,-0.74401855
0.10971069,-0.38970947,-0.3729248
0.2909851,-1.0952759,0.45806885
0.15304565,-3.7057495,3.7484741
1.3122559,-2.1081543,1.3621521
0.5317688,-2.234192,0.3614807
-0.86364746,0.7055664,1.3865662
-0.47790527,-1.2760925,2.6948547
0.3753662,-0.854187,2.9237366
-0.6687927,-2.4897766,0.7853699
-0.19439697,1.1552429,-0.31356812
-0.20523071,-0.11138916,-0.0074768066
-0.12878418,-1.0057068,0.012207031
-0.4385376,-1.3006592,-0.09887695
-0.8694458,2.0240784,-1.3671875
-0.46295166,0.26870728,-0.16326904
0.025482178,0.24658203,-0.20645142
0.26931763,0.23422241,0.033111572
0.1737976,0.052490234,0.07858276
0.06317139,-3.0517578E-4,0.07141113
0.13549805,-0.095825195,0.17562866
0.19470215,-0.22369385,0.13626099
0.25009155,-0.037078857,0.16082764
0.54519653,-0.10177612,0.27786255
0.8404541,-0.068359375,0.17608643
0.72006226,-0.34454346,0.1927185
0.50964355,-0.81207275,0.38238525
0.48110962,-0.519104,0.57403564
2.1931458,0.9577942,1.6160583
1.8159485,0.521698,1.2628174
1.2283325,0.45593262,0.61065674
0.446167,-0.04852295,0.5093384
0.38513184,-0.15411377,0.2670288
0.13824463,-0.081329346,0.15319824
-0.1637268,0.019378662,-0.10223389
-0.36468506,0.08880615,-0.22659302
-0.30319214,0.09918213,-0.27175903
-0.32073975,-0.11306763,-0.28656006
-0.30471802,-0.76156616,-0.21820068
-0.25726318,-0.736084,-0.105285645
0.2142334,0.29006958,0.17486572
0.4345703,0.30136108,0.1777649
0.42510986,0.14160156,0.25054932
0.36270142,0.08041382,0.28137207
0.30319214,-0.012817383,0.22506714
0.17700195,-0.033569336,0.24017334
0.16738892,-0.019073486,0.119018555
-0.21209717,0.068359375,-0.04135132
-0.43518066,0.04348755,-0.27191162
-0.3413391,0.113220215,-0.342865
-0.30029297,-0.09246826,-0.33874512
-0.31539917,-0.78079224,-0.3427124
-0.28579712,-0.9324646,-0.13183594
-0.15090942,-0.3265381,0.21728516
0.15930176,0.7107544,-0.024108887
0.24917603,0.5371094,0.14083862
0.31921387,0.5522156,0.22857666
0.3338623,0.64315796,0.28427124
0.31555176,0.2268982,0.2319336
0.2130127,0.0019836426,0.21453857
0.22140503,-0.063934326,0.21224976
0.20401001,-0.087890625,0.13809204
-0.100860596,0.07949829,-0.03463745
-0.37765503,0.022735596,-0.2597046
-0.3704834,0.13931274,-0.30899048
-0.28625488,0.02456665,-0.26168823
-0.26809692,-0.019989014,-0.2281189
-0.18951416,-0.1298523,-0.1826477
-0.04135132,-0.08987427,0.019989014
0.25390625,-0.061035156,0.14221191
0.31677246,-0.08453369,0.20095825
0.3137207,-0.05935669,0.24765015
0.29388428,0.0064086914,0.26153564
0.2922058,-0.13793945,0.21392822
0.22766113,-0.008087158,0.14953613
0.14831543,-0.03845215,0.10925293
-0.2079773,0.10040283,-0.09063721
-0.39215088,0.12710571,-0.3149414
-0.47439575,0.13580322,-0.37475586
-0.4321289,0.11199951,-0.35705566
-0.27526855,-0.0050354004,-0.26870728
-0.11734009,1.5258789E-4,-0.09017944
0.12451172,0.03982544,0.09185791
0.20996094,-0.23239136,0.14251709
0.2520752,-0.23269653,0.18157959
0.23040771,-0.13458252,0.28808594
0.41900635,-0.12054443,0.12420654
0.28198242,0.08270264,0.19134521
0.17440796,0.042877197,0.19165039
0.15396118,-0.08255005,0.096588135
0.116882324,-0.027923584,0.06668091
-0.15335083,0.23635864,-0.04928589
-0.31967163,0.21377563,-0.3289795
-0.393219,-0.09674072,-0.25512695
-0.38650513,-0.09552002,-0.25909424
-0.3564453,0.025939941,-0.24459839
-0.25283813,0.012054443,-0.19683838
-0.0743103,0.03112793,-0.019989014
0.22079468,-0.012817383,0.14053345
0.31219482,0.0024414062,0.16616821
0.27038574,0.0050354004,0.23284912
0.3416443,-0.22705078,0.16952515
0.26992798,-0.05065918,0.17211914
0.22598267,0.037841797,0.1322937
0.16525269,0.1538086,0.09140015
0.13778687,-0.10360718,0.12023926
-0.035095215,0.046081543,0.05203247
-0.3466797,0.21484375,-0.23239136
-0.4107666,0.2319336,-0.3225708
-0.33569336,-0.111083984,-0.2482605
-0.30090332,-0.09963989,-0.19561768
-0.25299072,-0.022277832,-0.18066406
-0.1637268,-0.09750366,-0.15823364
0.081329346,-0.2632141,0.17181396
0.41549683,0.21118164,0.1612854
0.30929565,0.15487671,0.26306152
0.29968262,-0.049438477,0.21896362
0.289917,0.08117676,0.15991211
0.31097412,-0.038146973,0.17578125
0.16983032,-0.20858765,0.21728516
0.13580322,0.17303467,0.07293701
-0.16921997,0.2116394,-0.15686035
-0.40405273,0.072021484,-0.35598755
-0.4119873,0.061187744,-0.31448364
-0.3060913,-0.14266968,-0.24047852
-0.24520874,-0.08529663,-0.184021
-0.20019531,-0.049591064,-0.15335083
-0.05065918,0.03753662,-0.017700195
0.14923096,0.001373291,0.15457153
0.24642944,-0.0032043457,0.14190674
0.23330688,0.022277832,0.18051147
0.26062012,-0.1864624,0.16098022
0.28793335,-0.15548706,0.20065308
0.23803711,0.10940552,0.16799927
0.2104187,0.24032593,0.108947754
0.1437378,0.10574341,0.06729126
-0.13778687,0.10177612,-0.07675171
-0.43197632,0.039367676,-0.2635193
-0.39276123,-0.0051879883,-0.33843994
-0.38330078,0.034332275,-0.27938843
-0.33538818,-0.047607422,-0.2897644
-0.23590088,-0.13977051,-0.21453857
-0.045776367,-0.08239746,-0.07766724
0.18463135,-0.014801025,0.11016846
0.3302002,-0.061187744,0.2520752
0.39871216,-0.13885498,0.26123047
0.2975464,-0.050964355,0.23147583
0.30334473,-0.21621704,0.14190674
0.2685547,0.32562256,0.11230469
0.10437012,0.09429932,0.19592285
0.17333984,-0.114746094,0.15838623
0.023956299,-0.025482178,0.05645752
-0.4232788,0.04119873,-0.15838623
-0.40161133,0.22476196,-0.38452148
-0.38742065,0.23406982,-0.33798218
-0.2796936,0.012664795,-0.24963379
-0.23330688,0.031585693,-0.20858765
-0.06668091,-0.27511597,-0.054626465
0.23117065,0.059814453,0.12664795
0.26794434,0.03387451,0.19805908
0.26397705,-0.068359375,0.20309448
0.25756836,-0.049743652,0.15151978
0.31402588,-0.040893555,0.2003479
0.23300171,-0.07324219,0.19577026
0.16174316,0.0289917,0.16174316
0.0932312,0.001373291,0.072021484
-0.34866333,0.07293701,-0.17974854
-0.42770386,-0.016937256,-0.30212402
-0.37246704,0.028839111,-0.27236938
-0.32165527,0.061340332,-0.27023315
-0.23651123,-0.015258789,-0.18997192
-0.007171631,-0.100097656,0.006713867
0.3025818,-0.07354736,0.18539429
0.30532837,-0.03387451,0.22003174
0.29571533,-0.024261475,0.16174316
0.25756836,-0.21331787,0.13687134
0.20706177,0.039367676,0.105285645
0.17471313,0.16113281,0.16937256
0.17745972,0.007019043,0.1512146
0.05493164,0.14801025,0.008392334
-0.35736084,-0.007019043,-0.24215698
-0.40512085,0.1071167,-0.33218384
-0.3541565,0.024414062,-0.22384644
-0.26412964,-0.07583618,-0.19210815
-0.21865845,0.0045776367,-0.18157959
-0.17913818,-0.008850098,-0.14175415
0.010375977,-0.0869751,0.11383057
0.27618408,-0.0970459,0.1473999
0.29266357,0.050201416,0.15670776
0.20690918,0.04058838,0.13626099
0.18478394,-0.3981018,0.13656616
0.26184082,0.12283325,0.0680542
0.1876831,-0.01953125,0.1991272
0.17807007,0.1928711,0.12634277
0.16860962,0.21820068,0.09414673
0.16220093,-0.22201538,0.0541687
-0.44296265,0.01083374,-0.06790161
-0.42022705,0.12664795,-0.3579712
-0.3451538,0.01586914,-0.23803711
-0.25619507,0.048217773,-0.17684937
-0.21636963,0.021209717,-0.15686035
-0.20187378,-0.017700195,-0.18371582
0.021514893,-0.09033203,0.06149292
0.3491211,0.002746582,0.15991211
0.33355713,-0.04837036,0.1777649
0.23895264,0.10223389,0.17532349
0.24017334,0.14556885,0.14541626
0.22766113,-0.12573242,0.15563965
0.16159058,-0.08605957,0.10940552
0.12634277,-0.06637573,0.12420654
0.15136719,0.092163086,0.087890625
0.0032043457,0.10284424,-0.019836426
-0.370636,0.098724365,-0.13885498
-0.31448364,0.17059326,-0.29067993
-0.26550293,-0.047302246,-0.18844604
-0.24597168,0.035247803,-0.19744873
-0.23910522,0.029907227,-0.24536133
-0.23422241,-0.11413574,-0.1651001
-0.18508911,-0.08483887,-0.1361084
0.111083984,-0.02822876,0.11352539
0.35308838,-0.04714966,0.19256592
0.28671265,0.0743103,0.2508545
0.25619507,0.10787964,0.1826477
0.20980835,0.026550293,0.14846802
0.1689148,-0.14282227,0.15167236
0.14404297,-0.12695312,0.10940552
0.10192871,-0.09994507,0.06851196
0.08377075,-0.014190674,0.08255005
0.13519287,-0.102996826,0.08728027
-0.059509277,0.16738892,-0.032196045
-0.38589478,0.18692017,-0.25802612
-0.38986206,0.044403076,-0.26031494
-0.29052734,0.10925293,-0.23742676
-0.23376465,0.0869751,-0.19165039
-0.1701355,-0.08605957,-0.19500732
-0.13717651,-0.08407593,-0.1347351
-0.07110596,-0.021514893,-0.0932312
0.11550903,0.016784668,0.0579834
0.20477295,-0.048675537,0.17868042
0.209198,0.037231445,0.13748169
0.21514893,-0.0843811,0.15350342
0.22354126,-0.039978027,0.1689148
0.21316528,0.022583008,0.15197754
0.18371582,-0.016174316,0.09307861
0.115356445,-0.054016113,0.14755249
0.16281128,-0.06530762,0.17868042
0.11581421,-0.0,0.0831604
0.06347656,-0.02532959,0.016479492
-0.17791748,0.14526367,-0.10070801
-0.35247803,0.012664795,-0.18966675
-0.30776978,-0.11016846,-0.22109985
-0.27450562,-0.021972656,-0.1689148
-0.26031494,0.19393921,-0.15075684
-0.28076172,-0.04547119,-0.18981934
-0.24963379,0.045776367,-0.16159058
0.06530762,0.0012207031,0.081329346
0.3753662,-0.14343262,0.13946533
0.23132324,-0.40771484,0.10192871
0.2644348,0.34500122,0.09902954
0.24902344,-0.20202637,0.15701294
0.16494751,0.3427124,0.07385254
0.15182495,0.11077881,0.061035156
0.15213013,0.25039673,0.19470215
0.17974854,-0.13839722,0.15975952
0.059661865,-1.0131836,0.29693604
-0.11077881,0.9979248,-0.30944824
-0.43930054,0.09185791,-0.2053833
-0.32073975,-0.15319824,-0.24368286
-0.23422241,0.017852783,-0.18066406
-0.25894165,-0.1184082,-0.14129639
-0.2694702,-0.095214844,-0.15274048
0.016021729,0.012664795,-0.07247925
0.35949707,0.0843811,0.24719238
0.40618896,0.112457275,0.20355225
0.2180481,0.069732666,0.17486572
0.1600647,-0.21575928,0.17654419
0.111083984,-0.1347351,0.1296997
0.19668579,-0.11199951,0.021057129
0.13320923,-0.06591797,0.13565063
-0.20187378,0.23468018,-0.06210327
-0.40039062,0.15197754,-0.19958496
-0.37902832,0.07888794,-0.206604
-0.24139404,0.106048584,-0.23406982
-0.26046753,-0.022583008,-0.20370483
-1.4823914,-0.68862915,-1.0961914
-4.0263367,-0.30441284,-2.1099854
-1.613617,-0.83221436,-1.1116028
-0.34957886,0.92788696,-1.2207031
-0.72906494,0.4585266,-0.8972168
-0.5392456,0.48110962,-1.3560486
-0.6489563,0.74035645,-3.015442
-0.013122559,-0.39413452,0.13763428
-1.1160278,1.1201477,-0.119628906
1.038971,-0.60943604,0.12435913
0.3060913,-0.18127441,0.28884888
0.015411377,0.1737976,0.42617798
0.17288208,1.2496948,1.9284058
0.32806396,3.8412476,0.7040405
2.4476624,3.3354187,-3.7797546
2.1490479,1.9706726,-1.2457275
-0.16357422,0.12878418,0.39596558
-0.2557373,0.13153076,0.0015258789
-0.017852783,0.128479,-0.10192871
-0.0050354004,-0.011749268,0.0718689
0.06530762,-0.051574707,0.046539307
0.02746582,-0.02532959,-0.0019836426
-0.019073486,-0.055847168,0.0018310547
-0.17486572,-0.021057129,0.049591064
-0.050964355,-0.03845215,0.14038086
-0.03112793,-0.029296875,0.018310547
-0.17410278,-0.16723633,-0.17303467
0.10650635,-0.3489685,-0.36865234
0.34713745,-1.9868469,0.31051636
-1.2034607,-1.4360046,1.2757874
-0.23345947,-0.6098938,1.6947937
1.822815,-2.7168274,0.59310913
0.7484436,-1.2284851,0.09017944
0.68099976,-0.65841675,1.9520569
-3.0517578E-4,-0.27175903,2.7993774
-0.58288574,-0.08605957,1.700592
-0.8175659,-1.6499329,-0.17196655
-0.89157104,1.4593506,0.70266724
-0.06576538,0.7650757,0.3717041
0.5906677,-0.16189575,0.037231445
0.8366394,2.0718384,0.9461975
0.80307007,1.0958862,0.91415405
-2.40448,-1.4237976,-0.1638794
-0.8569336,1.149292,-1.3835144
0.6503296,0.796051,0.41915894
1.7781067,-1.4494324,1.2612915
-0.1473999,-0.36697388,0.039215088
-2.6315308,-0.4786682,-1.4115906
0.6968689,0.54733276,0.6213379
0.71762085,-0.19897461,-0.395813
1.8080139,1.8681335,1.2388611
-2.1710205,-1.1280823,-1.1100769
-1.4306641,0.95458984,-0.3263855
-0.33233643,1.5548706,0.21896362
0.017242432,1.2507629,0.38116455
-2.30484,5.3598022,0.86227417
-1.7536926,1.4363098,1.8560791
0.89889526,2.2406006,2.4162292
1.4370728,2.1063232,0.7141113
2.6905823,0.2798462,0.4837036
-1.962738,0.6790161,-0.44311523
-1.9645691,1.3903809,-0.5157471
-0.0970459,-0.06210327,-0.26641846
1.8548584,-2.6176453,0.77453613
1.173706,0.5215454,0.31906128
-3.6141968,-0.7659912,-0.08560181
0.14404297,0.082092285,-0.6895447
0.68984985,-0.11779785,-0.36941528
2.9544067,0.7015991,0.2482605
-1.2368774,0.6793213,-0.45639038
-2.871399,0.70526123,-0.23895264
0.69473267,0.06500244,0.55007935
1.2683105,1.6378784,0.5857849
1.0112,1.1576843,0.9075928
-3.0097961,-0.9651184,-1.484375
-0.20828247,1.7150879,0.11123657
-0.88500977,1.3189697,0.12420654
-1.0510254,2.506256,0.88668823
-2.4201965,4.2048645,0.87387085
-0.21347046,1.2547302,2.680359
1.570282,2.6763916,1.7497253
2.4438477,1.0592651,1.0603333
-0.32043457,0.93933105,-0.14312744
-3.738556,1.5411377,-0.84716797
1.0221863,-0.20584106,0.41778564
0.3517151,0.16937256,0.95977783
2.7819824,-0.27038574,0.8093262
-2.7653503,-0.6904602,-1.0188293
-0.8456421,0.6240845,-1.4903259
0.08468628,0.31982422,0.5027771
2.792511,-2.3068237,1.2289429
0.415802,0.81573486,0.77941895
-2.790985,-0.098724365,-1.5887451
0.071258545,0.9246826,-0.40008545
-0.08682251,-0.0630188,-0.29190063
2.0455933,0.1890564,1.4385986
-1.3973999,0.40771484,-0.40908813
-2.2509766,0.32608032,-1.1174011
1.6181946,1.1495972,0.6565857
-0.6262207,0.8918762,-0.8319092
-0.6465149,2.30896,0.77560425
-2.1940613,4.4036865,1.6442871
0.2609253,2.5828552,1.6923523
1.1567688,3.2080078,1.9416809
2.4101257,1.1521912,1.0571289
0.070495605,1.2489319,-0.13290405
-2.9701233,2.6242065,-0.697937
0.7383728,0.06515503,-0.25650024
-0.46020508,0.33996582,0.56030273
1.8005371,-1.4433289,0.91018677
-2.546692,-0.39886475,-0.69992065
-0.09353638,-0.393219,-1.8135071
0.62164307,0.3201294,0.49468994
2.1333313,-1.0751343,1.4373779
0.37246704,0.89157104,0.073394775
-2.8359985,-0.021209717,-2.107544
0.4975891,0.44830322,0.23986816
0.20507812,0.19134521,-0.05126953
2.1244812,-0.40100098,1.4434814
-0.6210327,0.6793213,-0.07507324
-2.5613403,0.2078247,-1.52771
0.8921814,1.3418579,0.17669678
-0.1387024,1.5795898,-0.5152893
-0.76568604,3.0615234,1.3827515
-1.6812134,3.8279724,0.2947998
-0.36895752,2.9629517,1.668396
1.7323303,2.438202,1.2409973
1.4163208,2.0550537,1.4041138
0.4194641,1.190033,0.2305603
-3.184204,1.4701843,-1.5600586
0.38879395,-0.21881104,-0.19332886
0.082092285,0.11367798,0.57907104
2.3231506,-0.9776306,1.0830688
-2.3065186,-1.3356018,-0.76416016
-1.355133,0.44265747,-1.1068726
0.14526367,0.33721924,0.050811768
1.6844177,-0.42938232,1.3357544
1.0620117,-0.22827148,0.5984497
-2.8855896,-0.055236816,-2.0802307
0.36331177,1.0057068,0.13259888
0.32470703,0.19668579,-0.42419434
1.8009949,-0.11260986,1.7326355
-0.5264282,0.41793823,0.22018433
-2.863617,0.9706116,-1.5414429
0.43045044,0.0024414062,0.29968262
-0.3288269,0.6251526,-0.47668457
-0.4258728,3.006134,1.0856628
-2.044983,4.813385,1.1456299
-1.1224365,1.5402222,1.6799927
1.7097473,2.6641846,1.9328308
1.8864441,2.2549438,1.355896
1.3423157,1.2236023,0.48675537
-3.401947,2.2660828,-1.7396545
-0.9474182,-0.84381104,0.1260376
0.26870728,0.9788513,-0.0730896
2.1000671,-3.6073303,1.4579773
-0.037841797,0.050354004,-0.17745972
-2.9522705,0.83343506,-1.5246582
1.2690735,0.048217773,-0.2697754
0.5114746,-0.24261475,-0.14678955
1.7906189,0.65078735,2.0613098
-2.248993,-1.2957764,-1.1006165
-1.4923096,0.9172058,-0.98495483
0.8757019,0.4826355,0.89035034
0.9989929,0.26046753,0.5293274
1.4154053,0.42373657,1.2020874
-2.6556396,0.17028809,-2.2566223
-0.814209,0.99594116,0.0440979
0.39535522,2.3161316,-0.37445068
-0.31799316,0.6460571,0.8441162
-1.8681335,4.298706,0.4800415
-1.7372131,1.499176,1.0444641
0.84198,3.5505676,2.7096558
2.2094727,1.320343,1.5013123
1.4373779,1.8548584,0.5711365
-3.0325317,1.2181091,-1.5016174
-0.45089722,-0.38223267,-0.48461914
0.4963684,1.3598633,-0.121154785
2.3646545,-0.90408325,2.334137
-2.1730042,-0.42861938,-0.51971436
-2.614441,-0.95184326,-2.0910645
0.6915283,0.9075928,-0.16967773
2.5393677,-1.4096069,2.0591736
0.48995972,0.49804688,-0.17623901
-2.7404785,1.5522766,-3.2278442
0.3704834,-0.030670166,1.0134888
0.14190674,-0.46707153,0.43395996
-0.31417847,0.17608643,0.415802
-2.1504211,2.1455383,-0.8369446
0.049438477,0.7885742,-0.30456543
-0.023345947,2.8964233,0.88882446
-2.6719666,4.0985107,0.9436035
-2.013855,0.39016724,1.81427
1.9102478,2.9441833,2.3565674
1.9136047,1.660614,1.743927
-0.26138306,0.8377075,-0.0541687
-3.3587646,2.2705078,-1.3407898
0.31280518,-1.9604492,0.64315796
1.161499,0.3088379,0.23666382
2.593689,-1.1186218,1.3478088
-2.9368591,-1.2734985,-2.194519
-1.5626526,0.6352234,-1.3417053
0.56915283,1.7712402,0.78125
2.2743225,-0.6188965,1.4086914
0.39505005,0.90270996,0.51467896
-3.4667969,0.07858276,-1.1950684
0.41275024,1.070404,0.5192566
-0.5873108,0.10848999,-0.5661011
-0.3579712,2.2938538,1.0502625
-1.7256165,4.1967773,1.1714172
-1.5997314,1.1773682,1.5513611
1.0118103,3.5180664,2.4510193
2.204895,2.0451355,1.2979126
0.96328735,1.5100098,0.5755615
-3.0337524,2.176361,-0.995636
-0.48843384,-0.8418274,-0.1399231
0.6402588,1.6685486,0.18814087
2.5822449,-1.4559937,1.7623901
-1.386261,-0.43548584,-0.413208
-2.6713562,-0.40237427,-1.4479065
0.56274414,-0.7733154,0.4685974
1.0786438,0.38208008,0.38650513
2.2608948,0.04425049,0.7043457
-3.1291199,-0.6373596,-1.5872192
-0.21789551,0.6916809,-0.6829834
0.119628906,1.4674377,0.96603394
0.7771301,-0.7888794,0.9385681
-1.8563843,0.21606445,-0.6135559
0.018310547,1.95755,-0.19439697
-0.3300476,3.582306,1.5740967
0.07598877,2.738037,-0.19012451
-1.0314941,3.3262634,0.6199646
-2.7571106,2.2143555,0.7446289
-0.30532837,0.51971436,1.6244507
2.721405,3.522644,1.2469482
1.6674805,-0.11627197,2.002411
-1.9390869,0.43670654,-0.6359863
-2.1769714,0.08529663,-1.5367126
-0.01083374,-0.8657837,0.73791504
1.995697,-1.0189819,0.7801819
1.4533997,-0.2973938,0.70144653
-3.5644531,0.14907837,-1.8843079
0.40390015,0.40542603,-1.0578918
1.0797119,1.1018372,-0.22445679
1.8658447,-0.08560181,2.0883179
-1.341095,0.074920654,-0.14602661
-2.7999878,-0.1776123,-0.8746338
0.38711548,-0.24429321,0.8052063
1.3517761,0.2774048,0.30563354
-0.6480408,0.6602478,0.007171631
-2.3529053,2.0732117,-0.5950928
0.4222107,3.234253,1.2905884
-0.36956787,1.4790344,0.32852173
0.94055176,2.605896,1.2738037
-1.4523315,5.0134277,0.8288574
-2.8947449,-0.6108093,1.318512
1.7485046,1.6741943,1.3673401
2.1450806,0.5508423,0.47439575
1.9537354,0.42022705,0.27374268
-3.346405,1.0017395,-1.2263489
0.035095215,-0.5697632,-1.0772705
0.65856934,2.4334717,0.18737793
1.822815,-1.4463806,1.6033936
-0.70114136,-0.28137207,0.13931274
-3.0459595,-0.29083252,-1.1601257
1.2814331,-0.5389404,0.17410278
0.81695557,1.125946,0.5114746
2.1559143,0.045166016,1.333313
-2.8767395,-1.10672,-1.9932556
-0.8229065,0.8319092,-0.7106018
0.42312622,1.4212036,0.31814575
1.0520935,-0.6524658,1.3284302
-1.473999,0.6889343,-0.8703613
-0.20263672,1.9732666,-0.58013916
-0.34927368,2.4908447,0.7154846
0.5670166,1.9224548,0.54016113
-1.749115,4.0933228,0.5255127
-1.8164062,0.8558655,1.273346
0.76538086,3.015747,2.2947693
2.8877258,2.232666,1.1192322
0.8042908,0.87905884,0.521698
-2.7772522,1.516571,-2.1357727
-0.64727783,-0.5480957,0.18157959
0.23605347,1.2446594,-0.024261475
2.0065308,-2.56073,1.7796326
-1.5292358,-0.8067322,-0.20217896
-2.3530579,0.13427734,-2.0265198
0.940094,-2.3817444,0.3453064
1.1982727,0.10574341,-0.35751343
2.2644043,1.3136292,0.43640137
-3.3622742,-2.6556396,-0.13000488
-0.72906494,2.2695923,0.51727295
0.63201904,-0.40222168,-0.6904602
2.0414734,-0.09536743,0.58395386
-0.87280273,-0.028533936,-0.086517334
-2.941742,2.7134705,0.4298401
0.23208618,2.234497,1.0133362
-0.21347046,2.0031738,0.57250977
-1.8188477,4.243164,1.2811279
-1.9116211,0.25405884,2.0339966
1.3082886,1.9682312,1.6546631
1.6410828,2.2312927,0.4562378
2.7044678,1.6426086,0.7575989
-1.3197327,-0.4045105,-0.15640259
-2.947998,0.3996277,-0.4864502
0.0881958,-0.5709839,0.48034668
2.0895386,-2.4432373,-0.13427734
1.7350769,2.0484924,-0.49362183
-3.6558533,-1.0267639,0.90927124
-0.18081665,0.35736084,-0.73760986
0.7720947,-2.6246643,-0.73654175
2.6316833,1.2062073,-1.2533569
-2.1220398,-0.24673462,0.43243408
-1.9070435,0.8781433,0.3642273
0.31555176,1.6772461,0.6391907
2.5550842,0.8004761,7.6293945E-4
-0.17303467,1.5007019,0.3907776
-3.608551,-0.22277832,-0.7342529
0.84716797,1.5405273,0.9049988
-1.408844,0.52246094,0.016479492
-0.26107788,2.7835083,1.2841797
-1.9519043,3.0958557,1.9900513
0.039215088,0.6175232,2.0195007
2.0716858,2.9988098,1.9287109
2.3168945,1.622467,0.37078857
0.9062195,1.8908691,-0.083618164
-3.778839,1.7327881,0.3189087
0.03463745,-1.0569763,0.3805542
0.872345,1.5815735,0.46188354
2.60849,-0.79345703,0.7116699
-2.781067,-2.3106384,-0.6983948
-1.6464233,0.32440186,-1.4131165
0.846405,0.87905884,0.7788086
2.610321,1.3119507,1.0519409
0.4650879,0.46295166,0.511322
-3.6688232,-0.064086914,-1.3729858
0.7614136,0.5906677,0.31051636
0.23269653,0.14556885,-0.13183594
1.8980408,-0.21209717,1.386261
-2.6524353,-1.6836548,-1.1099243
-0.87524414,1.7562866,-0.2520752
-0.34866333,1.6313171,0.27008057
-0.6289673,2.0173645,1.0760498
-2.13562,3.5517883,1.1122131
-0.717926,0.8680725,2.147522
1.2931824,2.975006,2.29187
1.5376282,2.8044128,0.87997437
1.7480469,1.1843872,1.1079407
-1.962738,0.929718,-0.85510254
-1.4613342,-0.085754395,-0.745697
0.0920105,0.3781128,0.10482788
2.959137,0.00793457,1.0691833
-0.55877686,0.37078857,0.60058594
-3.383484,0.3857422,-1.2573242
1.1653137,-1.3224792,0.066223145
0.42037964,0.0010681152,0.31021118
2.423706,0.6776428,1.000824
-2.8981018,-2.2998047,-0.7519531
-0.9562683,2.0796204,-0.7936096
0.9339905,1.4309692,-0.0021362305
1.9187927,-0.37994385,1.2373352
-0.5918884,0.1864624,0.38208008
-3.2089233,0.5332947,-1.1198425
1.1895752,0.9132385,1.1361694
-1.2362671,0.08743286,-0.49621582
-0.79803467,3.6054993,1.2384033
-1.8569946,3.3511353,1.0096741
0.20324707,1.4128113,2.958374
2.0014954,2.671814,1.4002991
1.9151306,1.9577026,0.7032776
-0.068359375,0.97366333,-0.5104065
-3.8264465,1.4932251,-0.23849487
0.8882141,0.24719238,0.48049927
0.28457642,1.6847229,-0.015563965
1.6442871,-0.32669067,1.6835022
-3.0262756,-3.011322,-0.25894165
-0.12283325,0.18051147,-1.3815308
0.65719604,1.1753845,0.014343262
2.4432373,-1.071167,1.0572815
-0.19302368,0.3312683,0.41015625
-3.0059814,-0.038146973,-1.1569214
1.3476562,-0.16738892,0.07110596
0.33325195,1.10672,0.7775879
2.2825623,0.97457886,1.073761
-3.3154297,-1.6044617,-0.90682983
-0.8354187,1.0610962,-0.5328369
-0.16494751,2.1627808,-0.09857178
-0.46768188,0.7727051,1.0014343
-0.80581665,2.2239685,1.3406372
-1.2359619,1.6348267,0.5667114
1.1949158,4.29245,2.5505066
1.4283752,2.2729492,1.1981201
2.3980713,1.5759277,0.53344727
-2.4465942,1.1608887,-0.8753967
-2.1887207,0.5810547,-0.41046143
0.836792,1.1578369,0.5632019
2.689209,-1.8544006,1.2901306
-0.29418945,-0.35049438,0.42816162
-3.7983704,-0.5264282,-0.09750366
0.675354,-1.065979,-0.1411438
1.2483215,0.1902771,0.5667114
2.9266357,-0.32531738,-0.61035156
-2.8149414,0.27114868,-1.2336731
-2.6046753,2.3968506,-0.7652283
0.6414795,-0.66604614,0.26672363
1.8063354,-1.2944031,1.5188599
1.1984253,0.027770996,-0.066986084
-3.7239075,-0.49331665,0.37872314
-0.07537842,1.8539429,0.1538086
-0.5229187,0.9825134,-0.9553528
-0.100097656,2.1466064,1.2002563
-1.7164612,4.5169067,1.302185
0.05218506,1.9387817,1.9841003
1.5405273,2.6945496,0.9805298
1.091156,1.9949341,0.521698
1.9158936,1.0928345,0.0491333
-3.1819153,1.3204956,0.47439575
-1.2705994,0.6750488,0.07156372
0.4272461,0.43395996,0.4335022
2.6023865,-1.8725586,-0.26031494
-0.8204651,-0.77545166,0.4472351
-3.1819153,-0.36087036,0.029296875
1.1231995,-0.965271,-0.48843384
1.6073608,-0.46966553,0.5267334
1.8972778,1.2611389,-1.3502502
-3.3050537,-0.41900635,0.08728027
-1.6078186,1.9416809,-0.16143799
1.2103271,0.5155945,-0.3314209
2.465973,-0.635376,0.7910156
-0.3944397,-0.11230469,0.19821167
-3.3961487,-0.2268982,0.50323486
0.884552,1.295166,0.35385132
-0.39001465,1.0568237,0.23361206
0.89675903,0.77453613,0.4914856
-1.5757751,3.317871,0.8091736
0.2584839,3.2624817,1.39328
1.5600586,3.0819702,0.22949219
0.6541443,2.6864624,0.5935669
1.680603,1.7288208,-0.27557373
-2.8645325,1.8553162,0.8201599
-1.1407471,0.19470215,0.16311646
0.4484558,1.4064026,0.2166748
2.8605652,-1.5507507,0.14068604
-0.6593323,-0.8280945,0.43426514
-3.5102844,-0.6437683,0.35964966
0.8786011,0.20980835,0.076293945
1.2289429,-0.48950195,0.5239868
1.9459534,-0.2975464,-1.1465454
-3.1689453,-0.71899414,1.2542725
-1.3020325,1.6772461,-0.552063
0.70022583,2.377472,-0.4133606
2.4453735,-0.07003784,1.1450195
-0.86486816,0.97717285,0.024261475
-3.0047607,-0.90393066,-0.21530151
1.2760925,1.1924744,0.44677734
0.11672974,-0.18859863,0.21575928
1.1819458,0.56640625,0.21057129
-2.2019958,-0.14953613,-0.17211914
-0.5578613,2.893219,-0.26306152
0.8013916,2.4723816,1.0662842
0.2922058,1.8095398,0.15975952
1.0437012,4.317627,0.3692627
-1.071167,1.822052,0.01083374
-2.9125977,2.9199219,0.95336914
0.7899475,0.30548096,1.3430786
2.0846558,0.35812378,0.30471802
2.122345,-0.1159668,-0.55374146
-3.066101,0.18875122,-0.120391846
-1.5585327,0.5909729,-0.10116577
0.32043457,0.79299927,0.95565796
2.0710754,-3.0519104,0.493927
1.6618347,-0.98358154,-0.61660767
-3.814087,0.032806396,0.21194458
-0.9246826,1.4865112,-0.71640015
1.1735535,-0.15213013,-0.37841797
2.360382,-0.647583,0.72891235
-0.28656006,0.46844482,-0.15716553
-3.146515,0.48950195,-0.07354736
0.84594727,-0.65444946,0.36956787
0.91552734,0.2633667,0.46844482
1.7637634,0.54367065,-0.074157715
-3.8372803,-0.5282593,0.69610596
-0.3553772,2.954712,-0.3994751
-1.1564636,2.2525024,0.22842407
-0.85372925,2.5590515,0.9199524
-2.305603,3.5517883,1.4297485
-0.25756836,0.24429321,3.0403137
2.0646667,2.3223877,2.2476196
2.4467468,0.85983276,0.23391724
1.2626648,1.8492126,-0.20080566
-3.4765625,0.16738892,-0.16052246
0.09750366,0.25253296,0.035247803
0.95932007,0.5722046,0.4333496
2.4946594,-0.7839966,0.0059509277
-1.9921875,0.09963989,-0.42266846
-2.4765015,-0.34835815,-0.6025696
0.42800903,-0.82473755,0.1512146
1.4416504,-0.3100586,0.4814148
2.2053528,0.032806396,-0.35125732
-3.2151794,-1.1999512,0.13381958
-0.66070557,0.97702026,-0.7128906
0.61279297,1.1820984,-0.19805908
2.717743,0.040893555,1.0246277
-1.1975098,0.13809204,-0.57525635
-3.3241272,0.47592163,-0.42785645
0.22903442,0.012817383,0.63323975
-0.48721313,0.22994995,-0.078125
-0.0970459,3.218689,1.6120911
-1.8121338,4.4067383,1.43219
0.76034546,2.275238,2.489624
1.6999817,1.653595,1.2330627
2.133789,2.4847412,0.35003662
0.037231445,1.8762207,-0.3741455
-3.506012,1.3772583,-0.028076172
0.32196045,-0.27908325,0.2027893
0.7110596,1.0392761,0.6854248
2.44339,-0.8720398,0.49468994
-2.6029968,-2.0266724,0.3189087
-1.6807556,0.27130127,-1.7294312
0.7496643,1.0671997,0.231781
2.7339172,-2.2499084,0.5522156
0.24612427,1.2197876,-0.88638306
-3.8664246,-0.2319336,0.36193848
0.75927734,0.15472412,0.10269165
1.3510132,0.29144287,0.4663086
2.3416138,0.3630066,0.083618164
-2.801361,-1.1061096,-0.10543823
-1.7802429,1.124115,-0.43899536
0.07324219,1.7292786,-0.18127441
-0.04989624,-0.089416504,1.2739563
-0.55755615,3.1840515,0.95474243
-1.0353088,1.8659973,0.53359985
0.50857544,3.9193726,2.3292542
1.1790466,2.7853394,1.1349487
2.0410156,0.9146118,0.3201294
-0.86486816,1.6374207,-0.77545166
-2.9647827,1.5950012,0.58761597
0.670166,0.27191162,0.3666687
1.5034485,0.19042969,0.67367554
2.2174072,-0.4701233,0.0015258789
-2.9992676,-1.1540222,0.7435608
-1.4900208,0.42007446,-0.66970825
0.88531494,1.5310669,0.29449463
2.736969,-2.3576355,0.21057129
-1.1756897,-0.9967041,0.094451904
-2.9922485,0.9919739,-0.03173828
1.1587524,-0.7382202,0.049591064
1.2075806,1.5022278,-0.07522583
1.8714905,0.2835083,0.11352539
-3.2273865,-0.5932617,0.48339844
-0.78796387,1.2028503,0.1361084
0.16433716,-0.2732849,-0.18081665
2.093048,-0.21484375,0.34973145
-0.5003357,0.9901428,0.34591675
-2.8167725,2.5515747,0.5030823
0.77941895,2.6158142,1.436615
0.38879395,2.6716614,0.04043579
0.18753052,2.6705933,0.5645752
-2.38266,2.8715515,1.2420654
-0.23971558,0.41915894,1.7770386
2.005005,1.9024658,1.0289001
2.6812744,0.0045776367,-0.31280518
0.10421753,0.8869934,-0.45639038
-3.3424377,0.042114258,0.63842773
0.13580322,-0.0025939941,0.6097412
0.21575928,-0.8103943,0.4032898
2.7713013,-1.5621948,-1.2507629
-1.7990112,-1.9277954,0.6777954
-2.0513916,2.128296,-0.844574
0.32913208,0.892334,0.4081726
2.6815796,-1.7588806,0.039367676
-0.08666992,1.4561462,-0.44387817
-3.8719177,-0.1524353,0.5030823
1.0212708,0.9422302,0.24963379
0.8041382,0.26031494,0.46981812
2.4443054,-0.5723572,-0.39123535
-2.6449585,-0.45028687,0.30929565
-1.5557861,1.3343811,-0.4005432
0.23590088,2.0944214,-0.42312622
0.010528564,0.71365356,0.6907654
-1.4056396,3.157196,1.0108948
-0.8406067,2.1354675,1.9544983
1.4967346,2.7452087,1.3850403
0.53619385,2.007904,0.25894165
1.9696045,1.181488,0.19363403
-1.2042236,1.5869141,-0.36758423
-2.408142,2.0526123,0.5934143
0.39001465,1.0455322,0.092315674
2.5012207,-1.8377686,0.5912781
-0.27420044,0.40390015,-0.15350342
-3.2563782,0.28945923,0.8016968
0.64559937,-0.1423645,-0.15472412
0.59646606,-0.36132812,0.21469116
2.5279236,-1.1473083,-0.415802
-2.7404785,-1.5463257,0.38391113
-1.2609863,1.1376953,-0.97213745
1.0536194,1.6555786,0.005493164
2.1546936,-0.8868408,0.5505371
0.0064086914,0.87875366,-0.4499817
-3.5334778,-1.1135864,0.6889343
1.5585327,0.87997437,0.5393982
0.34362793,0.6588745,0.18722534
1.4585876,1.1334229,0.43945312
-3.3110046,-0.06851196,-0.34744263
-0.2255249,2.6641846,0.32424927
0.438385,0.86776733,0.13290405
-0.099487305,3.870697,0.64941406
-2.1121216,3.4999084,0.8039856
-1.7756653,1.5538025,2.3632812
1.4465332,1.7497253,1.7697144
2.3236084,0.11062622,1.0366821
2.3428345,1.2919617,-0.6742859
-3.538208,0.20324707,-0.20904541
-0.94940186,0.97946167,0.31158447
-0.116119385,0.31707764,0.7144165
2.3085022,-3.687439,-0.45074463
-0.17440796,0.39108276,-0.56427
-2.594452,1.7071533,-0.49179077
1.3981628,-0.9490967,-0.066986084
1.0568237,-1.2614441,0.14556885
1.7510986,0.09613037,-0.40542603
-2.9466248,-0.8786011,0.40679932
-0.5316162,1.4620972,0.35858154
0.7373047,-0.04119873,-0.117492676
2.2929382,-0.5270386,-0.018920898
-0.71655273,-0.4814148,0.14633179
-3.1452942,-0.22293091,0.40100098
0.6410217,1.7472839,0.56503296
-0.044403076,0.9642029,0.5126953
-0.11993408,3.0386353,1.3842773
-1.6078186,3.35083,1.0324097
1.534729,4.186249,1.7718506
1.4512634,1.5203857,0.58380127
1.8417358,2.0280457,-0.19256592
-1.4666748,0.9828186,-0.1423645
-2.4024963,1.6589355,1.121521
0.6996155,1.3313293,0.06072998
2.0036316,-1.7825317,0.71517944
1.661377,0.16647339,-0.8959961
-3.0970764,-0.8821106,1.5422058
-0.610199,1.1039734,-0.38970947
0.2534485,-0.29434204,0.68969727
2.8224182,-2.5930786,-0.35598755
-1.6807556,-0.9712219,0.292511
-2.09198,2.2236633,-0.21347046
0.65826416,0.7887268,-0.26641846
1.8273926,-0.7748413,0.35339355
1.2571716,1.2322998,-0.67962646
-4.1682434,0.22262573,0.8734131
0.26138306,1.9258118,0.19470215
0.22094727,0.20996094,0.04333496
-0.0048828125,0.29129028,0.67276
-1.9880676,2.8050232,0.3552246
1.3574219,2.7503967,0.18341064
0.32958984,0.17807007,0.7090759
-1.9915771,4.9446106,0.3088379
-2.536621,1.2336731,1.7996216
1.8701172,1.1859131,2.2599792
2.523346,1.741333,0.83496094
2.2694397,0.6782532,0.74523926
-3.186493,0.6277466,-0.7234192
-2.3121643,0.43624878,-0.65963745
0.4611206,0.28305054,0.32318115
3.0422974,-2.6885986,0.23956299
-0.1777649,0.4762268,0.035705566
-3.763733,0.14846802,-0.35507202
1.5258789,-0.85601807,-0.6588745
1.5106201,0.6983948,0.7687378
1.8338013,2.480011,-0.072784424
-3.5980225,-1.4360046,-1.1917114
0.092315674,1.3023376,0.17929077
0.75408936,-0.09399414,0.026397705
2.9226685,0.2281189,0.9263611
-2.4353027,-1.1734009,-1.0035706
-2.4139404,1.4118958,-0.16555786
-0.31692505,2.7363586,0.5343628
-0.52871704,0.70266724,1.3233948
-1.5325928,4.6447754,1.4715576
-0.9587097,0.73028564,2.2557068
1.8391418,2.6966858,2.3477173
1.9128418,0.45532227,0.8882141
1.9898987,2.0161438,-0.62423706
-4.125519,1.2046814,-0.6600952
-0.64682007,-0.37872314,0.42938232
1.5187073,0.16525269,0.87753296
3.09906,-0.032348633,-0.18478394
-3.0110168,-1.1195374,-0.34683228
-2.111206,-0.033721924,-1.1532593
0.61065674,1.3999939,0.66223145
2.6271057,-1.7590332,0.9388733
0.7965088,0.3981018,-0.6706238
-4.0011597,0.072784424,-0.6062317
0.82580566,0.3930664,0.3970337
0.55114746,0.46646118,0.42663574
2.1128845,0.39215088,0.87997437
-3.3332825,-1.8437195,-0.5807495
-0.97351074,2.9678345,-0.007171631
-0.12542725,2.6750183,0.2708435
-1.4212036,3.0142212,0.70755005
-2.7069092,2.953949,1.2922668
-0.7171631,0.8578491,2.8526306
1.9134521,2.987976,3.240509
3.078308,1.0780334,0.9150696
-0.23208618,1.0351562,-0.74157715
-4.3218994,0.5857849,-0.1689148
0.70480347,-0.51712036,0.5104065
0.6576538,0.123291016,0.26916504
2.7764893,-2.3822021,0.7637024
-3.022461,-1.4976501,-0.8679199
-1.3288879,1.9099426,-0.44769287
0.66604614,1.03302,0.63339233
2.117157,-1.9332886,0.6996155
1.0041809,0.17730713,-0.33111572
-4.225006,-0.5918884,0.9541321
1.4935303,0.990448,0.51605225
0.57662964,0.5075073,-0.07904053
1.4175415,1.2013245,0.10650635
-2.9859924,0.58898926,-0.8041382
0.43945312,1.5267944,0.12420654
-1.0241699,0.48721313,-0.021362305
-0.9132385,3.3886719,1.4822388
-2.4827576,3.289032,1.787262
0.9764099,1.4866638,2.358551
2.2460938,2.3545837,1.8988037
3.0871582,0.9712219,0.30975342
-2.3112488,0.967865,-0.4510498
-2.0681763,2.0936584,0.3126526
0.64178467,-0.29190063,0.2937317
1.9868469,-2.6660156,0.37139893
0.5818176,-0.71517944,-0.2027893
-4.014435,-0.32043457,1.0165405
1.5098572,-0.1171875,-0.45913696
1.1308289,-0.6359863,0.20706177
2.069397,-0.027618408,-0.47180176
-3.5227966,-0.017089844,-0.38391113
-0.86868286,1.7442322,-0.006866455
0.46218872,0.63934326,0.1701355
2.8631592,-1.1726379,0.47439575
-0.5078125,0.8479309,-0.58898926
-3.6628723,0.43533325,0.18188477
0.50109863,2.4324036,0.85876465
-1.1694336,2.1315002,0.9754944
-1.4988708,4.9075317,1.1524963
-1.3415527,1.0638428,2.2052002
1.5942383,3.1925964,2.47406
2.1733093,1.9779968,1.3800049
2.8985596,1.1601257,0.72006226
-3.7983704,0.17807007,-1.4248657
-1.7686462,0.9487915,-0.20721436
0.0059509277,-0.037384033,0.6359863
2.8788757,-3.0026245,0.35690308
0.5421448,-0.21255493,-0.4750061
-4.206543,0.5039978,0.34484863
1.4126587,-0.19485474,-0.41992188
0.9777832,0.07965088,0.44296265
2.5842285,0.30166626,0.36346436
-4.17984,0.14709473,-0.42556763
-0.069732666,1.3043213,-0.3274536
0.7133484,1.967926,0.01663208
2.1795654,-0.01083374,1.555481
-1.7880249,0.46340942,-1.1824036
-0.46783447,-1.8067932,-0.7836914
-0.57388306,2.7848816,0.7235718
-0.3945923,-0.3692627,-0.005645752
0.9738159,0.38360596,0.3567505
0.09017944,1.3980103,-0.18203735
-0.22491455,-0.61676025,0.8906555
-0.4978943,2.6219177,0.9373474
1.2071228,3.6108398,-1.9039917
0.4046631,4.767914,-2.141571
-0.7481384,3.5437012,-3.321228
1.379242,4.2100525,-4.16214
0.657959,1.2420654,-0.08529663
0.07064819,-0.23376465,-0.38391113
0.5075073,-0.5679321,-0.46325684
0.1638794,-0.37887573,-0.32028198
0.16906738,-0.4170227,-0.41366577
0.22369385,-0.370636,-0.41885376
