1007.57117,0,0
1007.57117,0,0
1007.57117,0,0
1007.57117,0,0
1007.5388,0,0
1007.5388,0,0
1007.5388,0,0
1007.5388,0,0
1007.52814,0,0
1007.52814,0,0
1007.52814,0,0
1007.52814,0,0
1007.5104,0,0
1007.5104,0,0
1007.5104,0,0
1007.5104,0,0
1007.51,0,0
1007.51,0,0
1007.51,0,0
1007.51,0,0
1007.5084,0,0
1007.5084,0,0
1007.5084,0,0
1007.5084,0,0
1007.5069,0,0
1007.5069,0,0
1007.5069,0,0
1007.5069,0,0
1007.4966,0,0
1007.4966,0,0
1007.4966,0,0
1007.4966,0,0
1007.4966,0,0
1007.4919,0,0
1007.4919,0,0
1007.4919,0,0
1007.4919,0,0
1007.4885,0,0
1007.4885,0,0
1007.4885,0,0
1007.4885,0,0
1007.48755,0,0
1007.48755,0,0
1007.48755,0,0
1007.48755,0,0
1007.49084,0,0
1007.49084,0,0
1007.49084,0,0
1007.49084,0,0
1007.48004,0,0
1007.48004,0,0
1007.48004,0,0
1007.48004,0,0
1007.48267,0,0
1007.48267,0,0
1007.48267,0,0
1007.48267,0,0
1007.48334,0,0
1007.48334,0,0
1007.48334,0,0
1007.48334,0,0
1007.48334,0,0
1007.4835,0,0
1007.4835,0,0
1007.4835,0,0
1007.4835,0,0
1007.4885,0,0
1007.4885,0,0
1007.4885,0,0
1007.4885,0,0
1007.4859,0,0
1007.4859,0,0
1007.4859,0,0
1007.4859,0,0
1007.5007,0,0
1007.5007,0,0
1007.5007,0,0
1007.5007,0,0
1007.69165,0,0
1007.69165,0,0
1007.69165,0,0
1007.69165,0,0
1007.765,0,0
1007.765,0,0
1007.765,0,0
1007.765,0,0
1008.20483,0,0
1008.20483,0,0
1008.20483,0,0
1008.20483,0,0
1008.20483,0,0
1008.147,0,0
1008.147,0,0
1008.147,0,0
1008.147,0,0
1008.06134,0,0
1008.06134,0,0
1008.06134,0,0
1008.06134,0,0
1007.9835,0,0
1007.9835,0,0
1007.9835,0,0
1007.9835,0,0
1008.08124,0,0
1008.08124,0,0
1008.08124,0,0
1008.08124,0,0
1007.9667,0,0
1007.9667,0,0
1007.9667,0,0
1007.9667,0,0
1007.4642,0,0
1007.4642,0,0
1007.4642,0,0
1007.4642,0,0
1007.3509,0,0
1007.3509,0,0
1007.3509,0,0
1007.3509,0,0
1007.2692,0,0
1007.2692,0,0
1007.2692,0,0
1007.2692,0,0
1007.2692,0,0
1007.35187,0,0
1007.35187,0,0
1007.35187,0,0
1007.35187,0,0
1007.547,0,0
1007.547,0,0
1007.547,0,0
1007.547,0,0
1007.55115,0,0
1007.55115,0,0
1007.55115,0,0
1007.55115,0,0
1007.5444,0,0
1007.5444,0,0
1007.5444,0,0
1007.5444,0,0
1007.5448,0,0
1007.5448,0,0
1007.5448,0,0
1007.5448,0,0
1007.53534,0,0
1007.53534,0,0
1007.53534,0,0
1007.53534,0,0
1007.5255,0,0
1007.5255,0,0
1007.5255,0,0
1007.5255,0,0
1007.5255,0,0
1007.51776,0,0
1007.51776,0,0
1007.51776,0,0
1007.51776,0,0
1007.5144,0,0
1007.5144,0,0
1007.5144,0,0
1007.5144,0,0
1007.50586,0,0
1007.50586,0,0
1007.50586,0,0
1007.50586,0,0
1007.4944,0,0
1007.4944,0,0
1007.4944,0,0
1007.4944,0,0
1007.4995,0,0
1007.4995,0,0
1007.4995,0,0
1007.4995,0,0
1007.5131,0,0
1007.5131,0,0
1007.5131,0,0
1007.5131,0,0
1007.5282,0,0
1007.5282,0,0
1007.5282,0,0
1007.5282,0,0
1007.5282,0,0
1007.53674,0,0
1007.53674,0,0
1007.53674,0,0
1007.53674,0,0
1007.5343,0,0
1007.5343,0,0
1007.5343,0,0
1007.5343,0,0
1007.5428,0,0
1007.5428,0,0
1007.5428,0,0
1007.5428,0,0
1007.5418,0,0
1007.5418,0,0
1007.5418,0,0
1007.5418,0,0
1007.5309,0,0
1007.5309,0,0
1007.5309,0,0
1007.5309,0,0
1007.53503,0,0
1007.53503,0,0
1007.53503,0,0
1007.53503,0,0
1007.53375,0,0
1007.53375,0,0
1007.53375,0,0
1007.53375,0,0
1007.53033,0,0
1007.53033,0,0
1007.53033,0,0
1007.53033,0,0
1007.53033,0,0
1007.5379,0,0
1007.5379,0,0
1007.5379,0,0
1007.5379,0,0
1007.54297,0,0
1007.54297,0,0
1007.54297,0,0
1007.54297,0,0
1007.5434,0,0
1007.5434,0,0
1007.5434,0,0
1007.5434,0,0
1007.5451,0,0
1007.5451,0,0
1007.5451,0,0
1007.5451,0,0
1007.5441,0,0
1007.5441,0,0
1007.5441,0,0
1007.5441,0,0
1007.54004,0,0
1007.54004,0,0
1007.54004,0,0
1007.54004,0,0
1007.53564,0,0
1007.53564,0,0
1007.53564,0,0
1007.53564,0,0
1007.53564,0,0
1007.53564,0,0
1007.53564,0,0
1007.53564,0,0
1007.53564,0,0
1007.53394,0,0
1007.53394,0,0
1007.53394,0,0
1007.53394,0,0
1007.52545,0,0
1007.52545,0,0
1007.52545,0,0
1007.52545,0,0
1007.52374,0,0
1007.52374,0,0
1007.52374,0,0
1007.52374,0,0
1007.52374,0,0
1007.52374,0,0
1007.52374,0,0
1007.52374,0,0
1007.52545,0,0
1007.52545,0,0
1007.52545,0,0
1007.52545,0,0
1007.5259,0,0
1007.5259,0,0
1007.5259,0,0
1007.5259,0,0
1007.5259,0,0
1007.51733,0,0
1007.51733,0,0
1007.51733,0,0
1007.51733,0,0
1007.50885,0,0
1007.50885,0,0
1007.50885,0,0
1007.50885,0,0
1007.50885,0,0
1007.50885,0,0
1007.50885,0,0
1007.50885,0,0
1007.50885,0,0
1007.50885,0,0
1007.50885,0,0
1007.50885,0,0
1007.5113,0,0
1007.5113,0,0
1007.5113,0,0
1007.5113,0,0
1007.51056,0,0
1007.51056,0,0
1007.51056,0,0
1007.51056,0,0
1007.51227,0,0
1007.51227,0,0
1007.51227,0,0
1007.51227,0,0
1007.5139,0,0
1007.5139,0,0
1007.5139,0,0
1007.5139,0,0
1007.5139,0,0
1007.51227,0,0
1007.51227,0,0
1007.51227,0,0
1007.51227,0,0
1007.51636,0,0
1007.51636,0,0
1007.51636,0,0
1007.51636,0,0
1007.51807,0,0
1007.51807,0,0
1007.51807,0,0
1007.51807,0,0
1007.5219,0,0
1007.5219,0,0
1007.5219,0,0
1007.5219,0,0
1007.5236,0,0
1007.5236,0,0
1007.5236,0,0
1007.5236,0,0
1007.51685,0,0
1007.51685,0,0
1007.51685,0,0
1007.51685,0,0
1007.5202,0,0
1007.5202,0,0
1007.5202,0,0
1007.5202,0,0
1007.5202,0,0
1007.51807,0,0
1007.51807,0,0
1007.51807,0,0
1007.51807,0,0
1007.513,0,0
1007.513,0,0
1007.513,0,0
1007.513,0,0
1007.513,0,0
1007.513,0,0
1007.513,0,0
1007.513,0,0
1007.51685,0,0
1007.51685,0,0
1007.51685,0,0
1007.51685,0,0
1007.51636,0,0
1007.51636,0,0
1007.51636,0,0
1007.51636,0,0
1007.513,0,0
1007.513,0,0
1007.513,0,0
1007.513,0,0
1007.5113,0,0
1007.5113,0,0
1007.5113,0,0
1007.5113,0,0
1007.5113,0,0
1007.5117,0,0
1007.5117,0,0
1007.5117,0,0
1007.5117,0,0
1007.51855,0,0
1007.51855,0,0
1007.51855,0,0
1007.51855,0,0
1007.5227,0,0
1007.5227,0,0
1007.5227,0,0
1007.5227,0,0
1007.5193,0,0
1007.5193,0,0
1007.5193,0,0
1007.5193,0,0
1007.521,0,0
1007.521,0,0
1007.521,0,0
1007.521,0,0
1007.52435,0,0
1007.52435,0,0
1007.52435,0,0
1007.52435,0,0
1007.52606,0,0
1007.52606,0,0
1007.52606,0,0
1007.52606,0,0
1007.5227,0,0
1007.5227,0,0
1007.5227,0,0
1007.5227,0,0
1007.5227,0,0
1007.5193,0,0
1007.5193,0,0
1007.5193,0,0
1007.5193,0,0
1007.5176,0,0
1007.5176,0,0
1007.5176,0,0
1007.5176,0,0
1007.5176,0,0
1007.5176,0,0
1007.5176,0,0
1007.5176,0,0
1007.51587,0,0
1007.51587,0,0
1007.51587,0,0
1007.51587,0,0
1007.51,0,0
1007.51,0,0
1007.51,0,0
1007.51,0,0
1007.5049,0,0
1007.5049,0,0
1007.5049,0,0
1007.5049,0,0
1007.4977,0,0
1007.4977,0,0
1007.4977,0,0
1007.4977,0,0
1007.4977,0,0
1007.4998,0,0
1007.4998,0,0
1007.4998,0,0
1007.4998,0,0
1007.4964,0,0
1007.4964,0,0
1007.4964,0,0
1007.4964,0,0
1007.493,0,0
1007.493,0,0
1007.493,0,0
1007.493,0,0
1007.493,0,0
1007.493,0,0
1007.493,0,0
1007.493,0,0
1007.4879,0,0
1007.4879,0,0
1007.4879,0,0
1007.4879,0,0
1007.4981,0,0
1007.4981,0,0
1007.4981,0,0
1007.4981,0,0
1007.4913,0,0
1007.4913,0,0
1007.4913,0,0
1007.4913,0,0
1007.4913,0,0
1007.4841,0,0
1007.4841,0,0
1007.4841,0,0
1007.4841,0,0
1007.4845,0,0
1007.4845,0,0
1007.4845,0,0
1007.4845,0,0
1007.4692,0,0
1007.4692,0,0
1007.4692,0,0
1007.4692,0,0
1007.46576,0,0
1007.46576,0,0
1007.46576,0,0
1007.46576,0,0
1007.46704,0,0
1007.46704,0,0
1007.46704,0,0
1007.46704,0,0
1007.46875,0,0
1007.46875,0,0
1007.46875,0,0
1007.46875,0,0
1007.46875,0,0
1007.46875,0,0
1007.46875,0,0
1007.46875,0,0
1007.46576,0,0
1007.46576,0,0
1007.46576,0,0
1007.46576,0,0
1007.46576,0,0
1007.46576,0,0
1007.46576,0,0
1007.46576,0,0
1007.46576,0,0
1007.46234,0,0
1007.46234,0,0
1007.46234,0,0
1007.46234,0,0
1007.46313,0,0
1007.46313,0,0
1007.46313,0,0
1007.46313,0,0
1007.4546,0,0
1007.4546,0,0
1007.4546,0,0
1007.4546,0,0
1007.4444,0,0
1007.4444,0,0
1007.4444,0,0
1007.4444,0,0
1007.44604,0,0
1007.44604,0,0
1007.44604,0,0
1007.44604,0,0
1007.4536,0,0
1007.4536,0,0
1007.4536,0,0
1007.4536,0,0
1007.4536,0,0
1007.45703,0,0
1007.45703,0,0
1007.45703,0,0
1007.45703,0,0
1007.465,0,0
1007.465,0,0
1007.465,0,0
1007.465,0,0
1007.465,0,0
1007.465,0,0
1007.465,0,0
1007.465,0,0
1007.46204,0,0
1007.46204,0,0
1007.46204,0,0
1007.46204,0,0
1007.46716,0,0
1007.46716,0,0
1007.46716,0,0
1007.46716,0,0
1007.4679,0,0
1007.4679,0,0
1007.4679,0,0
1007.4679,0,0
1007.4717,0,0
1007.4717,0,0
1007.4717,0,0
1007.4717,0,0
1007.4717,0,0
1007.4768,0,0
1007.4768,0,0
1007.4768,0,0
1007.4768,0,0
1007.4895,0,0
1007.4895,0,0
1007.4895,0,0
1007.4895,0,0
1007.4887,0,0
1007.4887,0,0
1007.4887,0,0
1007.4887,0,0
1007.49384,0,0
1007.49384,0,0
1007.49384,0,0
1007.49384,0,0
1007.5014,0,0
1007.5014,0,0
1007.5014,0,0
1007.5014,0,0
1007.5031,0,0
1007.5031,0,0
1007.5031,0,0
1007.5031,0,0
1007.5086,0,0
1007.5086,0,0
1007.5086,0,0
1007.5086,0,0
1007.51276,0,0
1007.51276,0,0
1007.51276,0,0
1007.51276,0,0
1007.51276,0,0
1007.5196,0,0
1007.5196,0,0
1007.5196,0,0
1007.5196,0,0
1007.51715,0,0
1007.51715,0,0
1007.51715,0,0
1007.51715,0,0
1007.51544,0,0
1007.51544,0,0
1007.51544,0,0
1007.51544,0,0
1007.51715,0,0
1007.51715,0,0
1007.51715,0,0
1007.51715,0,0
1007.5162,0,0
1007.5162,0,0
1007.5162,0,0
1007.5162,0,0
1007.5186,0,0
1007.5186,0,0
1007.5186,0,0
1007.5186,0,0
1007.5179,0,0
1007.5179,0,0
1007.5179,0,0
1007.5179,0,0
1007.5179,0,0
1007.5196,0,0
1007.5196,0,0
1007.5196,0,0
1007.5196,0,0
1007.5196,0,0
1007.5196,0,0
1007.5196,0,0
1007.5196,0,0
1007.5179,0,0
1007.5179,0,0
1007.5179,0,0
1007.5179,0,0
1007.5162,0,0
1007.5162,0,0
1007.5162,0,0
1007.5162,0,0
1007.5196,0,0
1007.5196,0,0
1007.5196,0,0
1007.5196,0,0
1007.5298,0,0
1007.5298,0,0
1007.5298,0,0
1007.5298,0,0
1007.5366,0,0
1007.5366,0,0
1007.5366,0,0
1007.5366,0,0
1007.5366,0,0
1007.5349,0,0
1007.5349,0,0
1007.5349,0,0
1007.5349,0,0
1007.52905,0,0
1007.52905,0,0
1007.52905,0,0
1007.52905,0,0
1007.5332,0,0
1007.5332,0,0
1007.5332,0,0
1007.5332,0,0
1007.52734,0,0
1007.52734,0,0
1007.52734,0,0
1007.52734,0,0
1007.5167,0,0
1007.5167,0,0
1007.5167,0,0
1007.5167,0,0
1007.516,0,0
1007.516,0,0
1007.516,0,0
1007.516,0,0
1007.5235,0,0
1007.5235,0,0
1007.5235,0,0
1007.5235,0,0
1007.53033,0,0
1007.53033,0,0
1007.53033,0,0
1007.53033,0,0
1007.53033,0,0
1007.5337,0,0
1007.5337,0,0
1007.5337,0,0
1007.5337,0,0
1007.53754,0,0
1007.53754,0,0
1007.53754,0,0
1007.53754,0,0
1007.5354,0,0
1007.5354,0,0
1007.5354,0,0
1007.5354,0,0
1007.5218,0,0
1007.5218,0,0
1007.5218,0,0
1007.5218,0,0
1007.5126,0,0
1007.5126,0,0
1007.5126,0,0
1007.5126,0,0
1007.504,0,0
1007.504,0,0
1007.504,0,0
1007.504,0,0
1007.50195,0,0
1007.50195,0,0
1007.50195,0,0
1007.50195,0,0
1007.50195,0,0
1007.4951,0,0
1007.4951,0,0
1007.4951,0,0
1007.4951,0,0
1007.50195,0,0
1007.50195,0,0
1007.50195,0,0
1007.50195,0,0
1007.5087,0,0
1007.5087,0,0
1007.5087,0,0
1007.5087,0,0
1007.5155,0,0
1007.5155,0,0
1007.5155,0,0
1007.5155,0,0
1007.5155,0,0
1007.5155,0,0
1007.5155,0,0
1007.5155,0,0
1007.5172,0,0
1007.5172,0,0
1007.5172,0,0
1007.5172,0,0
1007.52576,0,0
1007.52576,0,0
1007.52576,0,0
1007.52576,0,0
1007.52576,0,0
1007.5165,0,0
1007.5165,0,0
1007.5165,0,0
1007.5165,0,0
1007.52405,0,0
1007.52405,0,0
1007.52405,0,0
1007.52405,0,0
1007.5262,0,0
1007.5262,0,0
1007.5262,0,0
1007.5262,0,0
1007.53467,0,0
1007.53467,0,0
1007.53467,0,0
1007.53467,0,0
1007.5466,0,0
1007.5466,0,0
1007.5466,0,0
1007.5466,0,0
1007.54956,0,0
1007.54956,0,0
1007.54956,0,0
1007.54956,0,0
1007.55225,0,0
1007.55225,0,0
1007.55225,0,0
1007.55225,0,0
1007.5488,0,0
1007.5488,0,0
1007.5488,0,0
1007.5488,0,0
1007.5488,0,0
1007.542,0,0
1007.542,0,0
1007.542,0,0
1007.542,0,0
1007.5399,0,0
1007.5399,0,0
1007.5399,0,0
1007.5399,0,0
1007.542,0,0
1007.542,0,0
1007.542,0,0
1007.542,0,0
1007.5229,0,0
1007.5229,0,0
1007.5229,0,0
1007.5229,0,0
1007.5246,0,0
1007.5246,0,0
1007.5246,0,0
1007.5246,0,0
1007.52893,0,0
1007.52893,0,0
1007.52893,0,0
1007.52893,0,0
1007.5221,0,0
1007.5221,0,0
1007.5221,0,0
1007.5221,0,0
1007.5221,0,0
1007.5238,0,0
1007.5238,0,0
1007.5238,0,0
1007.5238,0,0
1007.51874,0,0
1007.51874,0,0
1007.51874,0,0
1007.51874,0,0
1007.51874,0,0
1007.51874,0,0
1007.51874,0,0
1007.51874,0,0
1007.50684,0,0
1007.50684,0,0
1007.50684,0,0
1007.50684,0,0
1007.5017,0,0
1007.5017,0,0
1007.5017,0,0
1007.5017,0,0
1007.5,0,0
1007.5,0,0
1007.5,0,0
1007.5,0,0
1007.50586,0,0
1007.50586,0,0
1007.50586,0,0
1007.50586,0,0
1007.50586,0,0
1007.50854,0,0
1007.50854,0,0
1007.50854,0,0
1007.50854,0,0
1007.5136,0,0
1007.5136,0,0
1007.5136,0,0
1007.5136,0,0
1007.5238,0,0
1007.5238,0,0
1007.5238,0,0
1007.5238,0,0
1007.53064,0,0
1007.53064,0,0
1007.53064,0,0
1007.53064,0,0
1007.5319,0,0
1007.5319,0,0
1007.5319,0,0
1007.5319,0,0
1007.53406,0,0
1007.53406,0,0
1007.53406,0,0
1007.53406,0,0
1007.54254,0,0
1007.54254,0,0
1007.54254,0,0
1007.54254,0,0
1007.5387,0,0
1007.5387,0,0
1007.5387,0,0
1007.5387,0,0
1007.5387,0,0
1007.5421,0,0
1007.5421,0,0
1007.5421,0,0
1007.5421,0,0
1007.5421,0,0
1007.5421,0,0
1007.5421,0,0
1007.5421,0,0
1007.55066,0,0
1007.55066,0,0
1007.55066,0,0
1007.55066,0,0
1007.55444,0,0
1007.55444,0,0
1007.55444,0,0
1007.55444,0,0
1007.563,0,0
1007.563,0,0
1007.563,0,0
1007.563,0,0
1007.563,0,0
1007.563,0,0
1007.563,0,0
1007.563,0,0
1007.5647,0,0
1007.5647,0,0
1007.5647,0,0
1007.5647,0,0
1007.5647,0,0
1007.5643,0,0
1007.5643,0,0
1007.5643,0,0
1007.5643,0,0
1007.5601,0,0
1007.5601,0,0
1007.5601,0,0
1007.5601,0,0
1007.55426,0,0
1007.55426,0,0
1007.55426,0,0
1007.55426,0,0
1007.55255,0,0
1007.55255,0,0
1007.55255,0,0
1007.55255,0,0
1007.54913,0,0
1007.54913,0,0
1007.54913,0,0
1007.54913,0,0
1007.55084,0,0
1007.55084,0,0
1007.55084,0,0
1007.55084,0,0
1007.5458,0,0
1007.5458,0,0
1007.5458,0,0
1007.5458,0,0
1007.5458,0,0
1007.5414,0,0
1007.5414,0,0
1007.5414,0,0
1007.5414,0,0
1007.5321,0,0
1007.5321,0,0
1007.5321,0,0
1007.5321,0,0
1007.52875,0,0
1007.52875,0,0
1007.52875,0,0
1007.52875,0,0
1007.5321,0,0
1007.5321,0,0
1007.5321,0,0
1007.5321,0,0
1007.5402,0,0
1007.5402,0,0
1007.5402,0,0
1007.5402,0,0
1007.5368,0,0
1007.5368,0,0
1007.5368,0,0
1007.5368,0,0
1007.54364,0,0
1007.54364,0,0
1007.54364,0,0
1007.54364,0,0
1007.5487,0,0
1007.5487,0,0
1007.5487,0,0
1007.5487,0,0
1007.5487,0,0
1007.54364,0,0
1007.54364,0,0
1007.54364,0,0
1007.54364,0,0
1007.54193,0,0
1007.54193,0,0
1007.54193,0,0
1007.54193,0,0
1007.54364,0,0
1007.54364,0,0
1007.54364,0,0
1007.54364,0,0
1007.5487,0,0
1007.5487,0,0
1007.5487,0,0
1007.5487,0,0
1007.5531,0,0
1007.5531,0,0
1007.5531,0,0
1007.5531,0,0
1007.5561,0,0
1007.5561,0,0
1007.5561,0,0
1007.5561,0,0
1007.5565,0,0
1007.5565,0,0
1007.5565,0,0
1007.5565,0,0
1007.5565,0,0
1007.5582,0,0
1007.5582,0,0
1007.5582,0,0
1007.5582,0,0
1007.5684,0,0
1007.5684,0,0
1007.5684,0,0
1007.5684,0,0
1007.55994,0,0
1007.55994,0,0
1007.55994,0,0
1007.55994,0,0
1007.5616,0,0
1007.5616,0,0
1007.5616,0,0
1007.5616,0,0
1007.5646,0,0
1007.5646,0,0
1007.5646,0,0
1007.5646,0,0
1007.55945,0,0
1007.55945,0,0
1007.55945,0,0
1007.55945,0,0
1007.55096,0,0
1007.55096,0,0
1007.55096,0,0
1007.55096,0,0
1007.55096,0,0
1007.5544,0,0
1007.5544,0,0
1007.5544,0,0
1007.5544,0,0
1007.55194,0,0
1007.55194,0,0
1007.55194,0,0
1007.55194,0,0
1007.557,0,0
1007.557,0,0
1007.557,0,0
1007.557,0,0
1007.5646,0,0
1007.5646,0,0
1007.5646,0,0
1007.5646,0,0
1007.568,0,0
1007.568,0,0
1007.568,0,0
1007.568,0,0
1007.5765,0,0
1007.5765,0,0
1007.5765,0,0
1007.5765,0,0
1007.5714,0,0
1007.5714,0,0
1007.5714,0,0
1007.5714,0,0
1007.55945,0,0
1007.55945,0,0
1007.55945,0,0
1007.55945,0,0
1007.55945,0,0
1007.5536,0,0
1007.5536,0,0
1007.5536,0,0
1007.5536,0,0
1007.5485,0,0
1007.5485,0,0
1007.5485,0,0
1007.5485,0,0
1007.54755,0,0
1007.54755,0,0
1007.54755,0,0
1007.54755,0,0
1007.5468,0,0
1007.5468,0,0
1007.5468,0,0
1007.5468,0,0
1007.5485,0,0
1007.5485,0,0
1007.5485,0,0
1007.5485,0,0
1007.5481,0,0
1007.5481,0,0
1007.5481,0,0
1007.5481,0,0
1007.5532,0,0
1007.5532,0,0
1007.5532,0,0
1007.5532,0,0
1007.5532,0,0
1007.5491,0,0
1007.5491,0,0
1007.5491,0,0
1007.5491,0,0
1007.54736,0,0
1007.54736,0,0
1007.54736,0,0
1007.54736,0,0
1007.5491,0,0
1007.5491,0,0
1007.5491,0,0
1007.5491,0,0
1007.54565,0,0
1007.54565,0,0
1007.54565,0,0
1007.54565,0,0
1007.54736,0,0
1007.54736,0,0
1007.54736,0,0
1007.54736,0,0
1007.5508,0,0
1007.5508,0,0
1007.5508,0,0
1007.5508,0,0
1007.5452,0,0
1007.5452,0,0
1007.5452,0,0
1007.5452,0,0
1007.5452,0,0
1007.5486,0,0
1007.5486,0,0
1007.5486,0,0
1007.5486,0,0
1007.54785,0,0
1007.54785,0,0
1007.54785,0,0
1007.54785,0,0
1007.54614,0,0
1007.54614,0,0
1007.54614,0,0
1007.54614,0,0
1007.5411,0,0
1007.5411,0,0
1007.5411,0,0
1007.5411,0,0
1007.53937,0,0
1007.53937,0,0
1007.53937,0,0
1007.53937,0,0
1007.54694,0,0
1007.54694,0,0
1007.54694,0,0
1007.54694,0,0
1007.5384,0,0
1007.5384,0,0
1007.5384,0,0
1007.5384,0,0
1007.53503,0,0
1007.53503,0,0
1007.53503,0,0
1007.53503,0,0
1007.53503,0,0
1007.5248,0,0
1007.5248,0,0
1007.5248,0,0
1007.5248,0,0
1007.5163,0,0
1007.5163,0,0
1007.5163,0,0
1007.5163,0,0
1007.5172,0,0
1007.5172,0,0
1007.5172,0,0
1007.5172,0,0
1007.5146,0,0
1007.5146,0,0
1007.5146,0,0
1007.5146,0,0
1007.51117,0,0
1007.51117,0,0
1007.51117,0,0
1007.51117,0,0
1007.5044,0,0
1007.5044,0,0
1007.5044,0,0
1007.5044,0,0
1007.5014,0,0
1007.5014,0,0
1007.5014,0,0
1007.5014,0,0
1007.5014,0,0
1007.4997,0,0
1007.4997,0,0
1007.4997,0,0
1007.4997,0,0
1007.5031,0,0
1007.5031,0,0
1007.5031,0,0
1007.5031,0,0
1007.5031,0,0
1007.5031,0,0
1007.5031,0,0
1007.5031,0,0
1007.5031,0,0
1007.5031,0,0
1007.5031,0,0
1007.5031,0,0
1007.5031,0,0
1007.5031,0,0
1007.5031,0,0
1007.5031,0,0
1007.5014,0,0
1007.5014,0,0
1007.5014,0,0
1007.5014,0,0
1007.49243,0,0
1007.49243,0,0
1007.49243,0,0
1007.49243,0,0
1007.49243,0,0
1007.4917,0,0
1007.4917,0,0
1007.4917,0,0
1007.4917,0,0
1007.48834,0,0
1007.48834,0,0
1007.48834,0,0
1007.48834,0,0
1007.48663,0,0
1007.48663,0,0
1007.48663,0,0
1007.48663,0,0
1007.4798,0,0
1007.4798,0,0
1007.4798,0,0
1007.4798,0,0
1007.4789,0,0
1007.4789,0,0
1007.4789,0,0
1007.4789,0,0
1007.4713,0,0
1007.4713,0,0
1007.4713,0,0
1007.4713,0,0
1007.47375,0,0
1007.47375,0,0
1007.47375,0,0
1007.47375,0,0
1007.47205,0,0
1007.47205,0,0
1007.47205,0,0
1007.47205,0,0
1007.47205,0,0
1007.4652,0,0
1007.4652,0,0
1007.4652,0,0
1007.4652,0,0
1007.46014,0,0
1007.46014,0,0
1007.46014,0,0
1007.46014,0,0
1007.4652,0,0
1007.4652,0,0
1007.4652,0,0
1007.4652,0,0
1007.4715,0,0
1007.4715,0,0
1007.4715,0,0
1007.4715,0,0
1007.46564,0,0
1007.46564,0,0
1007.46564,0,0
1007.46564,0,0
1007.46735,0,0
1007.46735,0,0
1007.46735,0,0
1007.46735,0,0
1007.46564,0,0
1007.46564,0,0
1007.46564,0,0
1007.46564,0,0
1007.46564,0,0
1007.4669,0,0
1007.4669,0,0
1007.4669,0,0
1007.4669,0,0
1007.4725,0,0
1007.4725,0,0
1007.4725,0,0
1007.4725,0,0
1007.4759,0,0
1007.4759,0,0
1007.4759,0,0
1007.4759,0,0
1007.47546,0,0
1007.47546,0,0
1007.47546,0,0
1007.47546,0,0
1007.47205,0,0
1007.47205,0,0
1007.47205,0,0
1007.47205,0,0
1007.47925,0,0
1007.47925,0,0
1007.47925,0,0
1007.47925,0,0
1007.48096,0,0
1007.48096,0,0
1007.48096,0,0
1007.48096,0,0
1007.48096,0,0
1007.48096,0,0
1007.48096,0,0
1007.48096,0,0
1007.48096,0,0
1007.48267,0,0
1007.48267,0,0
1007.48267,0,0
1007.48267,0,0
1007.48096,0,0
1007.48096,0,0
1007.48096,0,0
1007.48096,0,0
1007.4805,0,0
1007.4805,0,0
1007.4805,0,0
1007.4805,0,0
1007.4805,0,0
1007.4805,0,0
1007.4805,0,0
1007.4805,0,0
1007.48267,0,0
1007.48267,0,0
1007.48267,0,0
1007.48267,0,0
1007.4861,0,0
1007.4861,0,0
1007.4861,0,0
1007.4861,0,0
1007.48096,0,0
1007.48096,0,0
1007.48096,0,0
1007.48096,0,0
1007.48096,0,0
1007.4912,0,0
1007.4912,0,0
1007.4912,0,0
1007.4912,0,0
1007.4878,0,0
1007.4878,0,0
1007.4878,0,0
1007.4878,0,0
1007.4878,0,0
1007.4878,0,0
1007.4878,0,0
1007.4878,0,0
1007.4861,0,0
1007.4861,0,0
1007.4861,0,0
1007.4861,0,0
1007.48096,0,0
1007.48096,0,0
1007.48096,0,0
1007.48096,0,0
1007.49023,0,0
1007.49023,0,0
1007.49023,0,0
1007.49023,0,0
1007.4844,0,0
1007.4844,0,0
1007.4844,0,0
1007.4844,0,0
1007.4844,0,0
1007.4929,0,0
1007.4929,0,0
1007.4929,0,0
1007.4929,0,0
1007.49457,0,0
1007.49457,0,0
1007.49457,0,0
1007.49457,0,0
1007.498,0,0
1007.498,0,0
1007.498,0,0
1007.498,0,0
1007.4997,0,0
1007.4997,0,0
1007.4997,0,0
1007.4997,0,0
1007.5048,0,0
1007.5048,0,0
1007.5048,0,0
1007.5048,0,0
1007.509,0,0
1007.509,0,0
1007.509,0,0
1007.509,0,0
1007.51404,0,0
1007.51404,0,0
1007.51404,0,0
1007.51404,0,0
1007.51404,0,0
1007.5133,0,0
1007.5133,0,0
1007.5133,0,0
1007.5133,0,0
1007.5235,0,0
1007.5235,0,0
1007.5235,0,0
1007.5235,0,0
1007.5252,0,0
1007.5252,0,0
1007.5252,0,0
1007.5252,0,0
1007.5328,0,0
1007.5328,0,0
1007.5328,0,0
1007.5328,0,0
1007.53955,0,0
1007.53955,0,0
1007.53955,0,0
1007.53955,0,0
1007.5362,0,0
1007.5362,0,0
1007.5362,0,0
1007.5362,0,0
1007.5345,0,0
1007.5345,0,0
1007.5345,0,0
1007.5345,0,0
1007.5345,0,0
1007.5345,0,0
1007.5345,0,0
1007.5345,0,0
1007.5345,0,0
1007.5328,0,0
1007.5328,0,0
1007.5328,0,0
1007.5328,0,0
1007.5362,0,0
1007.5362,0,0
1007.5362,0,0
1007.5362,0,0
1007.52936,0,0
1007.52936,0,0
1007.52936,0,0
1007.52936,0,0
1007.5286,0,0
1007.5286,0,0
1007.5286,0,0
1007.5286,0,0
1007.5328,0,0
1007.5328,0,0
1007.5328,0,0
1007.5328,0,0
1007.53107,0,0
1007.53107,0,0
1007.53107,0,0
1007.53107,0,0
1007.5362,0,0
1007.5362,0,0
1007.5362,0,0
1007.5362,0,0
1007.5362,0,0
1007.5371,0,0
1007.5371,0,0
1007.5371,0,0
1007.5371,0,0
1007.5354,0,0
1007.5354,0,0
1007.5354,0,0
1007.5354,0,0
1007.5388,0,0
1007.5388,0,0
1007.5388,0,0
1007.5388,0,0
1007.5435,0,0
1007.5435,0,0
1007.5435,0,0
1007.5435,0,0
1007.5508,0,0
1007.5508,0,0
1007.5508,0,0
1007.5508,0,0
1007.5524,0,0
1007.5524,0,0
1007.5524,0,0
1007.5524,0,0
1007.55927,0,0
1007.55927,0,0
1007.55927,0,0
1007.55927,0,0
1007.55927,0,0
1007.561,0,0
1007.561,0,0
1007.561,0,0
1007.561,0,0
1007.5537,0,0
1007.5537,0,0
1007.5537,0,0
1007.5537,0,0
1007.56055,0,0
1007.56055,0,0
1007.56055,0,0
1007.56055,0,0
1007.5626,0,0
1007.5626,0,0
1007.5626,0,0
1007.5626,0,0
1007.5668,0,0
1007.5668,0,0
1007.5668,0,0
1007.5668,0,0
1007.5685,0,0
1007.5685,0,0
1007.5685,0,0
1007.5685,0,0
1007.55756,0,0
1007.55756,0,0
1007.55756,0,0
1007.55756,0,0
1007.55414,0,0
1007.55414,0,0
1007.55414,0,0
1007.55414,0,0
1007.55414,0,0
1007.55414,0,0
1007.55414,0,0
1007.55414,0,0
1007.55414,0,0
1007.5634,0,0
1007.5634,0,0
1007.5634,0,0
1007.5634,0,0
1007.5617,0,0
1007.5617,0,0
1007.5617,0,0
1007.5617,0,0
1007.55756,0,0
1007.55756,0,0
1007.55756,0,0
1007.55756,0,0
1007.5626,0,0
1007.5626,0,0
1007.5626,0,0
1007.5626,0,0
1007.56396,0,0
1007.56396,0,0
1007.56396,0,0
1007.56396,0,0
1007.56396,0,0
1007.56396,0,0
1007.56396,0,0
1007.56396,0,0
1007.56396,0,0
1007.56946,0,0
1007.56946,0,0
1007.56946,0,0
1007.56946,0,0
1007.5746,0,0
1007.5746,0,0
1007.5746,0,0
1007.5746,0,0
1007.57416,0,0
1007.57416,0,0
1007.57416,0,0
1007.57416,0,0
1007.58136,0,0
1007.58136,0,0
1007.58136,0,0
1007.58136,0,0
1007.58777,0,0
1007.58777,0,0
1007.58777,0,0
1007.58777,0,0
1007.6018,0,0
1007.6018,0,0
1007.6018,0,0
1007.6018,0,0
1007.6018,0,0
1007.6018,0,0
1007.6018,0,0
1007.6018,0,0
1007.6018,0,0
1007.60767,0,0
1007.60767,0,0
1007.60767,0,0
1007.60767,0,0
1007.60693,0,0
1007.60693,0,0
1007.60693,0,0
1007.60693,0,0
1007.612,0,0
1007.612,0,0
1007.612,0,0
1007.612,0,0
1007.6154,0,0
1007.6154,0,0
1007.6154,0,0
1007.6154,0,0
1007.612,0,0
1007.612,0,0
1007.612,0,0
1007.612,0,0
1007.61444,0,0
1007.61444,0,0
1007.61444,0,0
1007.61444,0,0
1007.6001,0,0
1007.6001,0,0
1007.6001,0,0
1007.6001,0,0
1007.6018,0,0
1007.6018,0,0
1007.6018,0,0
1007.6018,0,0
1007.6018,0,0
1007.5984,0,0
1007.5984,0,0
1007.5984,0,0
1007.5984,0,0
1007.59326,0,0
1007.59326,0,0
1007.59326,0,0
1007.59326,0,0
1007.5912,0,0
1007.5912,0,0
1007.5912,0,0
1007.5912,0,0
1007.59326,0,0
1007.59326,0,0
1007.59326,0,0
1007.59326,0,0
1007.58606,0,0
1007.58606,0,0
1007.58606,0,0
1007.58606,0,0
1007.5899,0,0
1007.5899,0,0
1007.5899,0,0
1007.5899,0,0
1007.58136,0,0
1007.58136,0,0
1007.58136,0,0
1007.58136,0,0
1007.58136,0,0
1007.5763,0,0
1007.5763,0,0
1007.5763,0,0
1007.5763,0,0
1007.5729,0,0
1007.5729,0,0
1007.5729,0,0
1007.5729,0,0
1007.5702,0,0
1007.5702,0,0
1007.5702,0,0
1007.5702,0,0
1007.5736,0,0
1007.5736,0,0
1007.5736,0,0
1007.5736,0,0
1007.56604,0,0
1007.56604,0,0
1007.56604,0,0
1007.56604,0,0
1007.55585,0,0
1007.55585,0,0
1007.55585,0,0
1007.55585,0,0
1007.5524,0,0
1007.5524,0,0
1007.5524,0,0
1007.5524,0,0
1007.5524,0,0
1007.5491,0,0
1007.5491,0,0
1007.5491,0,0
1007.5491,0,0
1007.54395,0,0
1007.54395,0,0
1007.54395,0,0
1007.54395,0,0
1007.5388,0,0
1007.5388,0,0
1007.5388,0,0
1007.5388,0,0
1007.5371,0,0
1007.5371,0,0
1007.5371,0,0
1007.5371,0,0
1007.53375,0,0
1007.53375,0,0
1007.53375,0,0
1007.53375,0,0
1007.5252,0,0
1007.5252,0,0
1007.5252,0,0
1007.5252,0,0
1007.5235,0,0
1007.5235,0,0
1007.5235,0,0
1007.5235,0,0
1007.5286,0,0
1007.5286,0,0
1007.5286,0,0
1007.5286,0,0
1007.5286,0,0
1007.5345,0,0
1007.5345,0,0
1007.5345,0,0
1007.5345,0,0
1007.5362,0,0
1007.5362,0,0
1007.5362,0,0
1007.5362,0,0
1007.52765,0,0
1007.52765,0,0
1007.52765,0,0
1007.52765,0,0
1007.52014,0,0
1007.52014,0,0
1007.52014,0,0
1007.52014,0,0
1007.526,0,0
1007.526,0,0
1007.526,0,0
1007.526,0,0
1007.5226,0,0
1007.5226,0,0
1007.5226,0,0
1007.5226,0,0
1007.52014,0,0
1007.52014,0,0
1007.52014,0,0
1007.52014,0,0
1007.52014,0,0
1007.5243,0,0
1007.5243,0,0
1007.5243,0,0
1007.5243,0,0
1007.5243,0,0
1007.5243,0,0
1007.5243,0,0
1007.5243,0,0
1007.5209,0,0
1007.5209,0,0
1007.5209,0,0
1007.5209,0,0
1007.51917,0,0
1007.51917,0,0
1007.51917,0,0
1007.51917,0,0
1007.5133,0,0
1007.5133,0,0
1007.5133,0,0
1007.5133,0,0
1007.515,0,0
1007.515,0,0
1007.515,0,0
1007.515,0,0
1007.5099,0,0
1007.5099,0,0
1007.5099,0,0
1007.5099,0,0
1007.5099,0,0
1007.5133,0,0
1007.5133,0,0
1007.5133,0,0
1007.5133,0,0
1007.51117,0,0
1007.51117,0,0
1007.51117,0,0
1007.51117,0,0
1007.5163,0,0
1007.5163,0,0
1007.5163,0,0
1007.5163,0,0
1007.5163,0,0
1007.5163,0,0
1007.5163,0,0
1007.5163,0,0
1007.51965,0,0
1007.51965,0,0
1007.51965,0,0
1007.51965,0,0
1007.52136,0,0
1007.52136,0,0
1007.52136,0,0
1007.52136,0,0
1007.5269,0,0
1007.5269,0,0
1007.5269,0,0
1007.5269,0,0
1007.51965,0,0
1007.51965,0,0
1007.51965,0,0
1007.51965,0,0
1007.51965,0,0
1007.52136,0,0
1007.52136,0,0
1007.52136,0,0
1007.52136,0,0
1007.5248,0,0
1007.5248,0,0
1007.5248,0,0
1007.5248,0,0
1007.52576,0,0
1007.52576,0,0
1007.52576,0,0
1007.52576,0,0
1007.52576,0,0
1007.52576,0,0
1007.52576,0,0
1007.52576,0,0
1007.5265,0,0
1007.5265,0,0
1007.5265,0,0
1007.5265,0,0
1007.5231,0,0
1007.5231,0,0
1007.5231,0,0
1007.5231,0,0
1007.5163,0,0
1007.5163,0,0
1007.5163,0,0
1007.5163,0,0
1007.5163,0,0
1007.52185,0,0
1007.52185,0,0
1007.52185,0,0
1007.52185,0,0
1007.5167,0,0
1007.5167,0,0
1007.5167,0,0
1007.5167,0,0
1007.52014,0,0
1007.52014,0,0
1007.52014,0,0
1007.52014,0,0
1007.5231,0,0
1007.5231,0,0
1007.5231,0,0
1007.5231,0,0
1007.5146,0,0
1007.5146,0,0
1007.5146,0,0
1007.5146,0,0
1007.52014,0,0
1007.52014,0,0
1007.52014,0,0
1007.52014,0,0
1007.51117,0,0
1007.51117,0,0
1007.51117,0,0
1007.51117,0,0
1007.51117,0,0
1007.51843,0,0
1007.51843,0,0
1007.51843,0,0
1007.51843,0,0
1007.51117,0,0
1007.51117,0,0
1007.51117,0,0
1007.51117,0,0
1007.5099,0,0
1007.5099,0,0
1007.5099,0,0
1007.5099,0,0
1007.51575,0,0
1007.51575,0,0
1007.51575,0,0
1007.51575,0,0
1007.5106,0,0
1007.5106,0,0
1007.5106,0,0
1007.5106,0,0
1007.5106,0,0
1007.5106,0,0
1007.5106,0,0
1007.5106,0,0
1007.5082,0,0
1007.5082,0,0
1007.5082,0,0
1007.5082,0,0
1007.5082,0,0
1007.5082,0,0
1007.5082,0,0
1007.5082,0,0
1007.5082,0,0
1007.501,0,0
1007.501,0,0
1007.501,0,0
1007.501,0,0
1007.50726,0,0
1007.50726,0,0
1007.50726,0,0
1007.50726,0,0
1007.50555,0,0
1007.50555,0,0
1007.50555,0,0
1007.50555,0,0
1007.50726,0,0
1007.50726,0,0
1007.50726,0,0
1007.50726,0,0
1007.5128,0,0
1007.5128,0,0
1007.5128,0,0
1007.5128,0,0
1007.50555,0,0
1007.50555,0,0
1007.50555,0,0
1007.50555,0,0
1007.5106,0,0
1007.5106,0,0
1007.5106,0,0
1007.5106,0,0
1007.5106,0,0
1007.51404,0,0
1007.51404,0,0
1007.51404,0,0
1007.51404,0,0
1007.5162,0,0
1007.5162,0,0
1007.5162,0,0
1007.5162,0,0
1007.51447,0,0
1007.51447,0,0
1007.51447,0,0
1007.51447,0,0
1007.51447,0,0
1007.51447,0,0
1007.51447,0,0
1007.51447,0,0
1007.51013,0,0
1007.51013,0,0
1007.51013,0,0
1007.51013,0,0
1007.49744,0,0
1007.49744,0,0
1007.49744,0,0
1007.49744,0,0
1007.4965,0,0
1007.4965,0,0
1007.4965,0,0
1007.4965,0,0
1007.4965,0,0
1007.4982,0,0
1007.4982,0,0
1007.4982,0,0
1007.4982,0,0
1007.49866,0,0
1007.49866,0,0
1007.49866,0,0
1007.49866,0,0
1007.5045,0,0
1007.5045,0,0
1007.5045,0,0
1007.5045,0,0
1007.5045,0,0
1007.5045,0,0
1007.5045,0,0
1007.5045,0,0
1007.4998,0,0
1007.4998,0,0
1007.4998,0,0
1007.4998,0,0
1007.496,0,0
1007.496,0,0
1007.496,0,0
1007.496,0,0
1007.49084,0,0
1007.49084,0,0
1007.49084,0,0
1007.49084,0,0
1007.49084,0,0
1007.4867,0,0
1007.4867,0,0
1007.4867,0,0
1007.4867,0,0
1007.4918,0,0
1007.4918,0,0
1007.4918,0,0
1007.4918,0,0
1007.49524,0,0
1007.49524,0,0
1007.49524,0,0
1007.49524,0,0
1007.4918,0,0
1007.4918,0,0
1007.4918,0,0
1007.4918,0,0
1007.4901,0,0
1007.4901,0,0
1007.4901,0,0
1007.4901,0,0
1007.49255,0,0
1007.49255,0,0
1007.49255,0,0
1007.49255,0,0
1007.48914,0,0
1007.48914,0,0
1007.48914,0,0
1007.48914,0,0
1007.4879,0,0
1007.4879,0,0
1007.4879,0,0
1007.4879,0,0
1007.4879,0,0
1007.4852,0,0
1007.4852,0,0
1007.4852,0,0
1007.4852,0,0
1007.48596,0,0
1007.48596,0,0
1007.48596,0,0
1007.48596,0,0
1007.4682,0,0
1007.4682,0,0
1007.4682,0,0
1007.4682,0,0
1007.47064,0,0
1007.47064,0,0
1007.47064,0,0
1007.47064,0,0
1007.46936,0,0
1007.46936,0,0
1007.46936,0,0
1007.46936,0,0
1007.46936,0,0
1007.46936,0,0
1007.46936,0,0
1007.46936,0,0
1007.4684,0,0
1007.4684,0,0
1007.4684,0,0
1007.4684,0,0
1007.4684,0,0
1007.4705,0,0
1007.4705,0,0
1007.4705,0,0
1007.4705,0,0
1007.4781,0,0
1007.4781,0,0
1007.4781,0,0
1007.4781,0,0
1007.4717,0,0
1007.4717,0,0
1007.4717,0,0
1007.4717,0,0
1007.4742,0,0
1007.4742,0,0
1007.4742,0,0
1007.4742,0,0
1007.47534,0,0
1007.47534,0,0
1007.47534,0,0
1007.47534,0,0
1007.4748,0,0
1007.4748,0,0
1007.4748,0,0
1007.4748,0,0
1007.47046,0,0
1007.47046,0,0
1007.47046,0,0
1007.47046,0,0
1007.47046,0,0
1007.46747,0,0
1007.46747,0,0
1007.46747,0,0
1007.46747,0,0
1007.4682,0,0
1007.4682,0,0
1007.4682,0,0
1007.4682,0,0
1007.4762,0,0
1007.4762,0,0
1007.4762,0,0
1007.4762,0,0
1007.47485,0,0
1007.47485,0,0
1007.47485,0,0
1007.47485,0,0
1007.4798,0,0
1007.4798,0,0
1007.4798,0,0
1007.4798,0,0
1007.4751,0,0
1007.4751,0,0
1007.4751,0,0
1007.4751,0,0
1007.4758,0,0
1007.4758,0,0
1007.4758,0,0
1007.4758,0,0
1007.4758,0,0
1007.4787,0,0
1007.4787,0,0
1007.4787,0,0
1007.4787,0,0
1007.48254,0,0
1007.48254,0,0
1007.48254,0,0
1007.48254,0,0
1007.48883,0,0
1007.48883,0,0
1007.48883,0,0
1007.48883,0,0
1007.4828,0,0
1007.4828,0,0
1007.4828,0,0
1007.4828,0,0
1007.47327,0,0
1007.47327,0,0
1007.47327,0,0
1007.47327,0,0
1007.47034,0,0
1007.47034,0,0
1007.47034,0,0
1007.47034,0,0
1007.46423,0,0
1007.46423,0,0
1007.46423,0,0
1007.46423,0,0
1007.4697,0,0
1007.4697,0,0
1007.4697,0,0
1007.4697,0,0
1007.4697,0,0
1007.47266,0,0
1007.47266,0,0
1007.47266,0,0
1007.47266,0,0
1007.47,0,0
1007.47,0,0
1007.47,0,0
1007.47,0,0
1007.4738,0,0
1007.4738,0,0
1007.4738,0,0
1007.4738,0,0
1007.4791,0,0
1007.4791,0,0
1007.4791,0,0
1007.4791,0,0
1007.4791,0,0
1007.4791,0,0
1007.4791,0,0
1007.4791,0,0
1007.4706,0,0
1007.4706,0,0
1007.4706,0,0
1007.4706,0,0
1007.4706,0,0
1007.4706,0,0
1007.4706,0,0
1007.4706,0,0
1007.4706,0,0
1007.47815,0,0
1007.47815,0,0
1007.47815,0,0
1007.47815,0,0
1007.4696,0,0
1007.4696,0,0
1007.4696,0,0
1007.4696,0,0
1007.46497,0,0
1007.46497,0,0
1007.46497,0,0
1007.46497,0,0
1007.4606,0,0
1007.4606,0,0
1007.4606,0,0
1007.4606,0,0
1007.461,0,0
1007.461,0,0
1007.461,0,0
1007.461,0,0
1007.45935,0,0
1007.45935,0,0
1007.45935,0,0
1007.45935,0,0
1007.4584,0,0
1007.4584,0,0
1007.4584,0,0
1007.4584,0,0
1007.4584,0,0
1007.4474,0,0
1007.4474,0,0
1007.4474,0,0
1007.4474,0,0
1007.4406,0,0
1007.4406,0,0
1007.4406,0,0
1007.4406,0,0
1007.444,0,0
1007.444,0,0
1007.444,0,0
1007.444,0,0
1007.4498,0,0
1007.4498,0,0
1007.4498,0,0
1007.4498,0,0
1007.45325,0,0
1007.45325,0,0
1007.45325,0,0
1007.45325,0,0
1007.45197,0,0
1007.45197,0,0
1007.45197,0,0
1007.45197,0,0
1007.4537,0,0
1007.4537,0,0
1007.4537,0,0
1007.4537,0,0
1007.45154,0,0
1007.45154,0,0
1007.45154,0,0
1007.45154,0,0
1007.45154,0,0
1007.4588,0,0
1007.4588,0,0
1007.4588,0,0
1007.4588,0,0
1007.45197,0,0
1007.45197,0,0
1007.45197,0,0
1007.45197,0,0
1007.45026,0,0
1007.45026,0,0
1007.45026,0,0
1007.45026,0,0
1007.4527,0,0
1007.4527,0,0
1007.4527,0,0
1007.4527,0,0
1007.4527,0,0
1007.4527,0,0
1007.4527,0,0
1007.4527,0,0
1007.4578,0,0
1007.4578,0,0
1007.4578,0,0
1007.4578,0,0
1007.4527,0,0
1007.4527,0,0
1007.4527,0,0
1007.4527,0,0
1007.4527,0,0
1007.4435,0,0
1007.4435,0,0
1007.4435,0,0
1007.4435,0,0
1007.4418,0,0
1007.4418,0,0
1007.4418,0,0
1007.4418,0,0
1007.4315,0,0
1007.4315,0,0
1007.4315,0,0
1007.4315,0,0
1007.43567,0,0
1007.43567,0,0
1007.43567,0,0
1007.43567,0,0
1007.43396,0,0
1007.43396,0,0
1007.43396,0,0
1007.43396,0,0
1007.44324,0,0
1007.44324,0,0
1007.44324,0,0
1007.44324,0,0
1007.4501,0,0
1007.4501,0,0
1007.4501,0,0
1007.4501,0,0
1007.4501,0,0
1007.45856,0,0
1007.45856,0,0
1007.45856,0,0
1007.45856,0,0
1007.46027,0,0
1007.46027,0,0
1007.46027,0,0
1007.46027,0,0
1007.4637,0,0
1007.4637,0,0
1007.4637,0,0
1007.4637,0,0
1007.4739,0,0
1007.4739,0,0
1007.4739,0,0
1007.4739,0,0
1007.48114,0,0
1007.48114,0,0
1007.48114,0,0
1007.48114,0,0
1007.48114,0,0
1007.48114,0,0
1007.48114,0,0
1007.48114,0,0
1007.4777,0,0
1007.4777,0,0
1007.4777,0,0
1007.4777,0,0
1007.4726,0,0
1007.46875,0,0
1007.46875,0,0
1007.46875,0,0
1007.46875,0,0
1007.46295,0,0
1007.46295,0,0
1007.46295,0,0
1007.46295,0,0
1007.46295,0,0
1007.46295,0,0
1007.46295,0,0
1007.46295,0,0
1007.46124,0,0
1007.46124,0,0
1007.46124,0,0
1007.46124,0,0
1007.45953,0,0
1007.45953,0,0
1007.45953,0,0
1007.45953,0,0
1007.45953,0,0
1007.45953,0,0
1007.45953,0,0
1007.45953,0,0
1007.4527,0,0
1007.4527,0,0
1007.4527,0,0
1007.4527,0,0
1007.45856,0,0
1007.45856,0,0
1007.45856,0,0
1007.45856,0,0
1007.45856,0,0
1007.4578,0,0
1007.4578,0,0
1007.4578,0,0
1007.4578,0,0
1007.4561,0,0
1007.4561,0,0
1007.4561,0,0
1007.4561,0,0
1007.4561,0,0
1007.4561,0,0
1007.4561,0,0
1007.4561,0,0
1007.46124,0,0
1007.46124,0,0
1007.46124,0,0
1007.46124,0,0
1007.47046,0,0
1007.47046,0,0
1007.47046,0,0
1007.47046,0,0
1007.4824,0,0
1007.4824,0,0
1007.4824,0,0
1007.4824,0,0
1007.48505,0,0
1007.48505,0,0
1007.48505,0,0
1007.48505,0,0
1007.48505,0,0
1007.4816,0,0
1007.4816,0,0
1007.4816,0,0
1007.4816,0,0
1007.4758,0,0
1007.4758,0,0
1007.4758,0,0
1007.4758,0,0
1007.46857,0,0
1007.46857,0,0
1007.46857,0,0
1007.46857,0,0
1007.4618,0,0
1007.4618,0,0
1007.4618,0,0
1007.4618,0,0
1007.4618,0,0
1007.4618,0,0
1007.4618,0,0
1007.4618,0,0
1007.4601,0,0
1007.4601,0,0
1007.4601,0,0
1007.4601,0,0
1007.46387,0,0
1007.46387,0,0
1007.46387,0,0
1007.46387,0,0
1007.46387,0,0
1007.4697,0,0
1007.4697,0,0
1007.4697,0,0
1007.4697,0,0
1007.479,0,0
1007.479,0,0
1007.479,0,0
1007.479,0,0
1007.4783,0,0
1007.4783,0,0
1007.4783,0,0
1007.4783,0,0
1007.4707,0,0
1007.4707,0,0
1007.4707,0,0
1007.4707,0,0
1007.4758,0,0
1007.4758,0,0
1007.4758,0,0
1007.4758,0,0
1007.47925,0,0
1007.47925,0,0
1007.47925,0,0
1007.47925,0,0
1007.48846,0,0
1007.48846,0,0
1007.48846,0,0
1007.48846,0,0
1007.48773,0,0
1007.48773,0,0
1007.48773,0,0
1007.48773,0,0
1007.48773,0,0
1007.4911,0,0
1007.4911,0,0
1007.4911,0,0
1007.4911,0,0
1007.489,0,0
1007.489,0,0
1007.489,0,0
1007.489,0,0
1007.4941,0,0
1007.4941,0,0
1007.4941,0,0
1007.4941,0,0
1007.4941,0,0
1007.4941,0,0
1007.4941,0,0
1007.4941,0,0
1007.4883,0,0
1007.4883,0,0
1007.4883,0,0
1007.4883,0,0
1007.4958,0,0
1007.4958,0,0
1007.4958,0,0
1007.4958,0,0
1007.49963,0,0
1007.49963,0,0
1007.49963,0,0
1007.49963,0,0
1007.49963,0,0
1007.4992,0,0
1007.4992,0,0
1007.4992,0,0
1007.4992,0,0
1007.5009,0,0
1007.5009,0,0
1007.5009,0,0
1007.5009,0,0
1007.49506,0,0
1007.49506,0,0
1007.49506,0,0
1007.49506,0,0
1007.49,0,0
1007.49,0,0
1007.49,0,0
1007.49,0,0
1007.4866,0,0
1007.4866,0,0
1007.4866,0,0
1007.4866,0,0
1007.4883,0,0
1007.4883,0,0
1007.4883,0,0
1007.4883,0,0
1007.4883,0,0
1007.4883,0,0
1007.4883,0,0
1007.4883,0,0
1007.4883,0,0
1007.49,0,0
1007.49,0,0
1007.49,0,0
1007.49,0,0
1007.48615,0,0
1007.48615,0,0
1007.48615,0,0
1007.48615,0,0
1007.48444,0,0
1007.48444,0,0
1007.48444,0,0
1007.48444,0,0
1007.49164,0,0
1007.49164,0,0
1007.49164,0,0
1007.49164,0,0
1007.49164,0,0
1007.49164,0,0
1007.49164,0,0
1007.49164,0,0
1007.4895,0,0
1007.4895,0,0
1007.4895,0,0
1007.4895,0,0
1007.4929,0,0
1007.4929,0,0
1007.4929,0,0
1007.4929,0,0
1007.49335,0,0
1007.49335,0,0
1007.49335,0,0
1007.49335,0,0
1007.49335,0,0
1007.4985,0,0
1007.4985,0,0
1007.4985,0,0
1007.4985,0,0
1007.5019,0,0
1007.5019,0,0
1007.5019,0,0
1007.5019,0,0
1007.49506,0,0
1007.49506,0,0
1007.49506,0,0
1007.49506,0,0
1007.4866,0,0
1007.4866,0,0
1007.4866,0,0
1007.4866,0,0
1007.4883,0,0
1007.4883,0,0
1007.4883,0,0
1007.4883,0,0
1007.482,0,0
1007.482,0,0
1007.482,0,0
1007.482,0,0
1007.4786,0,0
1007.4786,0,0
1007.4786,0,0
1007.4786,0,0
1007.4786,0,0
1007.481,0,0
1007.481,0,0
1007.481,0,0
1007.481,0,0
1007.47595,0,0
1007.47595,0,0
1007.47595,0,0
1007.47595,0,0
1007.47595,0,0
1007.47595,0,0
1007.47595,0,0
1007.47595,0,0
1007.47253,0,0
1007.47253,0,0
1007.47253,0,0
1007.47253,0,0
1007.47516,0,0
1007.47516,0,0
1007.47516,0,0
1007.47516,0,0
1007.47687,0,0
1007.47687,0,0
1007.47687,0,0
1007.47687,0,0
1007.4793,0,0
1007.4793,0,0
1007.4793,0,0
1007.4793,0,0
1007.4793,0,0
1007.4793,0,0
1007.4793,0,0
1007.4793,0,0
1007.4793,0,0
1007.48444,0,0
1007.48444,0,0
1007.48444,0,0
1007.48444,0,0
1007.4895,0,0
1007.4895,0,0
1007.4895,0,0
1007.4895,0,0
1007.4878,0,0
1007.4878,0,0
1007.4878,0,0
1007.4878,0,0
1007.482,0,0
1007.482,0,0
1007.482,0,0
1007.482,0,0
1007.482,0,0
1007.482,0,0
1007.482,0,0
1007.482,0,0
1007.47516,0,0
1007.47516,0,0
1007.47516,0,0
1007.47516,0,0
1007.4786,0,0
1007.4786,0,0
1007.4786,0,0
1007.4786,0,0
1007.4786,0,0
1007.4946,0,0
1007.4946,0,0
1007.4946,0,0
1007.4946,0,0
1007.5032,0,0
1007.5032,0,0
1007.5032,0,0
1007.5032,0,0
1007.50244,0,0
1007.50244,0,0
1007.50244,0,0
1007.50244,0,0
1007.5054,0,0
1007.5054,0,0
1007.5054,0,0
1007.5054,0,0
1007.5088,0,0
1007.5088,0,0
1007.5088,0,0
1007.5088,0,0
1007.5054,0,0
1007.5054,0,0
1007.5054,0,0
1007.5054,0,0
1007.4986,0,0
1007.4986,0,0
1007.4986,0,0
1007.4986,0,0
1007.4986,0,0
1007.50146,0,0
1007.50146,0,0
1007.50146,0,0
1007.50146,0,0
1007.4939,0,0
1007.4939,0,0
1007.4939,0,0
1007.4939,0,0
1007.49976,0,0
1007.49976,0,0
1007.49976,0,0
1007.49976,0,0
1007.4939,0,0
1007.4939,0,0
1007.4939,0,0
1007.4939,0,0
1007.4888,0,0
1007.4888,0,0
1007.4888,0,0
1007.4888,0,0
1007.4833,0,0
1007.4833,0,0
1007.4833,0,0
1007.4833,0,0
1007.4833,0,0
1007.4833,0,0
1007.4833,0,0
1007.4833,0,0
1007.4833,0,0
1007.47986,0,0
1007.47986,0,0
1007.47986,0,0
1007.47986,0,0
1007.47473,0,0
1007.47473,0,0
1007.47473,0,0
1007.47473,0,0
1007.45984,0,0
1007.45984,0,0
1007.45984,0,0
1007.45984,0,0
1007.4373,0,0
1007.4373,0,0
1007.4373,0,0
1007.4373,0,0
1007.4407,0,0
1007.4407,0,0
1007.4407,0,0
1007.4407,0,0
1007.4475,0,0
1007.4475,0,0
1007.4475,0,0
1007.4475,0,0
1007.45435,0,0
1007.45435,0,0
1007.45435,0,0
1007.45435,0,0
1007.46625,0,0
1007.46625,0,0
1007.46625,0,0
1007.46625,0,0
1007.46625,0,0
1007.47516,0,0
1007.47516,0,0
1007.47516,0,0
1007.47516,0,0
1007.47644,0,0
1007.47644,0,0
1007.47644,0,0
1007.47644,0,0
1007.473,0,0
1007.473,0,0
1007.473,0,0
1007.473,0,0
1007.46796,0,0
1007.46796,0,0
1007.46796,0,0
1007.46796,0,0
1007.4638,0,0
1007.4638,0,0
1007.4638,0,0
1007.4638,0,0
1007.4713,0,0
1007.4713,0,0
1007.4713,0,0
1007.4713,0,0
1007.4713,0,0
1007.4713,0,0
1007.4713,0,0
1007.4713,0,0
1007.4713,0,0
1007.47644,0,0
1007.47644,0,0
1007.47644,0,0
1007.47644,0,0
1007.47473,0,0
1007.47473,0,0
1007.47473,0,0
1007.47473,0,0
1007.4757,0,0
1007.4757,0,0
1007.4757,0,0
1007.4757,0,0
1007.48254,0,0
1007.48254,0,0
1007.48254,0,0
1007.48254,0,0
1007.48083,0,0
1007.48083,0,0
1007.48083,0,0
1007.48083,0,0
1007.4774,0,0
1007.4774,0,0
1007.4774,0,0
1007.4774,0,0
1007.47186,0,0
1007.47186,0,0
1007.47186,0,0
1007.47186,0,0
1007.47186,0,0
1007.4872,0,0
1007.4872,0,0
1007.4872,0,0
1007.4872,0,0
1007.48206,0,0
1007.48206,0,0
1007.48206,0,0
1007.48206,0,0
1007.4961,0,0
1007.4961,0,0
1007.4961,0,0
1007.4961,0,0
1007.4995,0,0
1007.4995,0,0
1007.4995,0,0
1007.4995,0,0
1007.50806,0,0
1007.50806,0,0
1007.50806,0,0
1007.50806,0,0
1007.50635,0,0
1007.50635,0,0
1007.50635,0,0
1007.50635,0,0
1007.5012,0,0
1007.5012,0,0
1007.5012,0,0
1007.5012,0,0
1007.5012,0,0
1007.5054,0,0
1007.5054,0,0
1007.5054,0,0
1007.5054,0,0
1007.4978,0,0
1007.4978,0,0
1007.4978,0,0
1007.4978,0,0
1007.5012,0,0
1007.5012,0,0
1007.5012,0,0
1007.5012,0,0
1007.5029,0,0
1007.5029,0,0
1007.5029,0,0
1007.5029,0,0
1007.50464,0,0
1007.50464,0,0
1007.50464,0,0
1007.50464,0,0
1007.5042,0,0
1007.5042,0,0
1007.5042,0,0
1007.5042,0,0
1007.50934,0,0
1007.50934,0,0
1007.50934,0,0
1007.50934,0,0
1007.5139,0,0
1007.5139,0,0
1007.5139,0,0
1007.5139,0,0
1007.5139,0,0
1007.5115,0,0
1007.5115,0,0
1007.5115,0,0
1007.5115,0,0
1007.5115,0,0
1007.5115,0,0
1007.5115,0,0
1007.5115,0,0
1007.5139,0,0
1007.5139,0,0
1007.5139,0,0
1007.5139,0,0
1007.5139,0,0
1007.5139,0,0
1007.5139,0,0
1007.5139,0,0
1007.5132,0,0
1007.5132,0,0
1007.5132,0,0
1007.5132,0,0
1007.50635,0,0
1007.50635,0,0
1007.50635,0,0
1007.50635,0,0
1007.50464,0,0
1007.50464,0,0
1007.50464,0,0
1007.50464,0,0
1007.50464,0,0
1007.5012,0,0
1007.5012,0,0
1007.5012,0,0
1007.5012,0,0
1007.4961,0,0
1007.4961,0,0
1007.4961,0,0
1007.4961,0,0
1007.4978,0,0
1007.4978,0,0
1007.4978,0,0
1007.4978,0,0
1007.5012,0,0
1007.5012,0,0
1007.5012,0,0
1007.5012,0,0
1007.4995,0,0
1007.4995,0,0
1007.4995,0,0
1007.4995,0,0
1007.494,0,0
1007.494,0,0
1007.494,0,0
1007.494,0,0
1007.5012,0,0
1007.5012,0,0
1007.5012,0,0
1007.5012,0,0
1007.5012,0,0
1007.49915,0,0
1007.49915,0,0
1007.49915,0,0
1007.49915,0,0
1007.49744,0,0
1007.49744,0,0
1007.49744,0,0
1007.49744,0,0
1007.4995,0,0
1007.4995,0,0
1007.4995,0,0
1007.4995,0,0
1007.4978,0,0
1007.4978,0,0
1007.4978,0,0
1007.4978,0,0
1007.4978,0,0
1007.4978,0,0
1007.4978,0,0
1007.4978,0,0
1007.50085,0,0
1007.50085,0,0
1007.50085,0,0
1007.50085,0,0
1007.49915,0,0
1007.49915,0,0
1007.49915,0,0
1007.49915,0,0
1007.49915,0,0
1007.49915,0,0
1007.49915,0,0
1007.49915,0,0
1007.49915,0,0
1007.49915,0,0
1007.49915,0,0
1007.49915,0,0
1007.49915,0,0
1007.49744,0,0
1007.49744,0,0
1007.49744,0,0
1007.49744,0,0
1007.4978,0,0
1007.4978,0,0
1007.4978,0,0
1007.4978,0,0
1007.4893,0,0
1007.4893,0,0
1007.4893,0,0
1007.4893,0,0
1007.4893,0,0
1007.4893,0,0
1007.4893,0,0
1007.4893,0,0
1007.491,0,0
1007.491,0,0
1007.491,0,0
1007.491,0,0
1007.4855,0,0
1007.4855,0,0
1007.4855,0,0
1007.4855,0,0
1007.4855,0,0
1007.4855,0,0
1007.4855,0,0
1007.4855,0,0
1007.4855,0,0
1007.4859,0,0
1007.4859,0,0
1007.4859,0,0
1007.4859,0,0
1007.49005,0,0
1007.49005,0,0
1007.49005,0,0
1007.49005,0,0
1007.48254,0,0
1007.48254,0,0
1007.48254,0,0
1007.48254,0,0
1007.4791,0,0
1007.4791,0,0
1007.4791,0,0
1007.4791,0,0
1007.4867,0,0
1007.4867,0,0
1007.4867,0,0
1007.4867,0,0
1007.47986,0,0
1007.47986,0,0
1007.47986,0,0
1007.47986,0,0
1007.47986,0,0
1007.47815,0,0
1007.47815,0,0
1007.47815,0,0
1007.47815,0,0
1007.4723,0,0
1007.4723,0,0
1007.4723,0,0
1007.4723,0,0
1007.47644,0,0
1007.47644,0,0
1007.47644,0,0
1007.47644,0,0
1007.47473,0,0
1007.47473,0,0
1007.47473,0,0
1007.47473,0,0
1007.47516,0,0
1007.47516,0,0
1007.47516,0,0
1007.47516,0,0
1007.47516,0,0
1007.47516,0,0
1007.47516,0,0
1007.47516,0,0
1007.4803,0,0
1007.4803,0,0
1007.4803,0,0
1007.4803,0,0
1007.4803,0,0
1007.4803,0,0
1007.4803,0,0
1007.4803,0,0
1007.4803,0,0
1007.48364,0,0
1007.48364,0,0
1007.48364,0,0
1007.48364,0,0
1007.4878,0,0
1007.4878,0,0
1007.4878,0,0
1007.4878,0,0
1007.482,0,0
1007.482,0,0
1007.482,0,0
1007.482,0,0
1007.4803,0,0
1007.4803,0,0
1007.4803,0,0
1007.4803,0,0
1007.4803,0,0
1007.4803,0,0
1007.4803,0,0
1007.4803,0,0
1007.47345,0,0
1007.47345,0,0
1007.47345,0,0
1007.47345,0,0
1007.481,0,0
1007.481,0,0
1007.481,0,0
1007.481,0,0
1007.481,0,0
1007.4827,0,0
1007.4827,0,0
1007.4827,0,0
1007.4827,0,0
1007.4854,0,0
1007.4854,0,0
1007.4854,0,0
1007.4854,0,0
1007.49634,0,0
1007.49634,0,0
1007.49634,0,0
1007.49634,0,0
1007.50146,0,0
1007.50146,0,0
1007.50146,0,0
1007.50146,0,0
1007.49976,0,0
1007.49976,0,0
1007.49976,0,0
1007.49976,0,0
1007.49634,0,0
1007.49634,0,0
1007.49634,0,0
1007.49634,0,0
1007.4878,0,0
1007.4878,0,0
1007.4878,0,0
1007.4878,0,0
1007.4895,0,0
1007.4895,0,0
1007.4895,0,0
1007.4895,0,0
1007.4895,0,0
1007.4929,0,0
1007.4929,0,0
1007.4929,0,0
1007.4929,0,0
1007.4895,0,0
1007.4895,0,0
1007.4895,0,0
1007.4895,0,0
1007.4985,0,0
1007.4985,0,0
1007.4985,0,0
1007.4985,0,0
1007.5019,0,0
1007.5019,0,0
1007.5019,0,0
1007.5019,0,0
1007.49976,0,0
1007.49976,0,0
1007.49976,0,0
1007.49976,0,0
1007.4985,0,0
1007.4985,0,0
1007.4985,0,0
1007.4985,0,0
1007.4946,0,0
1007.4946,0,0
1007.4946,0,0
1007.4946,0,0
1007.4946,0,0
1007.49805,0,0
1007.49805,0,0
1007.49805,0,0
1007.49805,0,0
1007.4946,0,0
1007.4946,0,0
1007.4946,0,0
1007.4946,0,0
1007.50696,0,0
1007.50696,0,0
1007.50696,0,0
1007.50696,0,0
1007.50867,0,0
1007.50867,0,0
1007.50867,0,0
1007.50867,0,0
1007.5189,0,0
1007.5189,0,0
1007.5189,0,0
1007.5189,0,0
1007.52356,0,0
1007.52356,0,0
1007.52356,0,0
1007.52356,0,0
1007.52185,0,0
1007.52185,0,0
1007.52185,0,0
1007.52185,0,0
1007.52185,0,0
1007.51843,0,0
1007.51843,0,0
1007.51843,0,0
1007.51843,0,0
1007.5092,0,0
1007.5092,0,0
1007.5092,0,0
1007.5092,0,0
1007.4946,0,0
1007.4946,0,0
1007.4946,0,0
1007.4946,0,0
1007.4929,0,0
1007.4929,0,0
1007.4929,0,0
1007.4929,0,0
1007.48706,0,0
1007.48706,0,0
1007.48706,0,0
1007.48706,0,0
1007.47516,0,0
1007.47516,0,0
1007.47516,0,0
1007.47516,0,0
1007.47687,0,0
1007.47687,0,0
1007.47687,0,0
1007.47687,0,0
1007.47516,0,0
1007.47516,0,0
1007.47516,0,0
1007.47516,0,0
1007.47516,0,0
1007.4786,0,0
1007.4786,0,0
1007.4786,0,0
1007.4786,0,0
1007.4803,0,0
1007.4803,0,0
1007.4803,0,0
1007.4803,0,0
1007.48615,0,0
1007.48615,0,0
1007.48615,0,0
1007.48615,0,0
1007.48706,0,0
1007.48706,0,0
1007.48706,0,0
1007.48706,0,0
1007.4912,0,0
1007.4912,0,0
1007.4912,0,0
1007.4912,0,0
1007.4939,0,0
1007.4939,0,0
1007.4939,0,0
1007.4939,0,0
1007.4973,0,0
1007.4973,0,0
1007.4973,0,0
1007.4973,0,0
1007.4973,0,0
1007.4888,0,0
1007.4888,0,0
1007.4888,0,0
1007.4888,0,0
1007.4867,0,0
1007.4867,0,0
1007.4867,0,0
1007.4867,0,0
1007.4867,0,0
1007.4867,0,0
1007.4867,0,0
1007.4867,0,0
1007.48254,0,0
1007.48254,0,0
1007.48254,0,0
1007.48254,0,0
1007.49005,0,0
1007.49005,0,0
1007.49005,0,0
1007.49005,0,0
1007.4922,0,0
1007.4922,0,0
1007.4922,0,0
1007.4922,0,0
1007.48706,0,0
1007.48706,0,0
1007.48706,0,0
1007.48706,0,0
1007.47815,0,0
1007.47815,0,0
1007.47815,0,0
1007.47815,0,0
1007.47815,0,0
1007.47644,0,0
1007.47644,0,0
1007.47644,0,0
1007.47644,0,0
1007.4713,0,0
1007.4713,0,0
1007.4713,0,0
1007.4713,0,0
1007.4713,0,0
1007.4713,0,0
1007.4713,0,0
1007.4713,0,0
1007.4713,0,0
1007.4713,0,0
1007.4713,0,0
1007.4713,0,0
1007.4718,0,0
1007.4718,0,0
1007.4718,0,0
1007.4718,0,0
1007.46155,0,0
1007.46155,0,0
1007.46155,0,0
1007.46155,0,0
1007.45435,0,0
1007.45435,0,0
1007.45435,0,0
1007.45435,0,0
1007.45435,0,0
1007.4555,0,0
1007.4555,0,0
1007.4555,0,0
1007.4555,0,0
1007.45886,0,0
1007.45886,0,0
1007.45886,0,0
1007.45886,0,0
1007.45886,0,0
1007.45886,0,0
1007.45886,0,0
1007.45886,0,0
1007.45135,0,0
1007.45135,0,0
1007.45135,0,0
1007.45135,0,0
1007.4606,0,0
1007.4606,0,0
1007.4606,0,0
1007.4606,0,0
1007.4623,0,0
1007.4623,0,0
1007.4623,0,0
1007.4623,0,0
1007.4623,0,0
1007.4623,0,0
1007.4623,0,0
1007.4623,0,0
1007.4623,0,0
1007.4606,0,0
1007.4606,0,0
1007.4606,0,0
1007.4606,0,0
1007.461,0,0
1007.461,0,0
1007.461,0,0
1007.461,0,0
1007.45593,0,0
1007.45593,0,0
1007.45593,0,0
1007.45593,0,0
1007.4508,0,0
1007.4508,0,0
1007.4508,0,0
1007.4508,0,0
1007.444,0,0
1007.444,0,0
1007.444,0,0
1007.444,0,0
1007.4457,0,0
1007.4457,0,0
1007.4457,0,0
1007.4457,0,0
1007.4355,0,0
1007.4355,0,0
1007.4355,0,0
1007.4355,0,0
1007.4355,0,0
1007.42487,0,0
1007.42487,0,0
1007.42487,0,0
1007.42487,0,0
1007.41125,0,0
1007.41125,0,0
1007.41125,0,0
1007.41125,0,0
1007.39594,0,0
1007.39594,0,0
1007.39594,0,0
1007.39594,0,0
1007.3993,0,0
1007.3993,0,0
1007.3993,0,0
1007.3993,0,0
1007.41974,0,0
1007.41974,0,0
1007.41974,0,0
1007.41974,0,0
1007.4163,0,0
1007.4163,0,0
1007.4163,0,0
1007.4163,0,0
1007.3755,0,0
1007.3755,0,0
1007.3755,0,0
1007.3755,0,0
1007.2227,0,0
1007.2227,0,0
1007.2227,0,0
1007.2227,0,0
1007.2227,0,0
1007.1491,0,0
1007.1491,0,0
1007.1491,0,0
1007.1491,0,0
1007.14233,0,0
1007.14233,0,0
1007.14233,0,0
1007.14233,0,0
1007.1849,0,0
1007.1849,0,0
1007.1849,0,0
1007.1849,0,0
1007.28015,0,0
1007.28015,0,0
1007.28015,0,0
1007.28015,0,0
1007.42993,0,0
1007.42993,0,0
1007.42993,0,0
1007.42993,0,0
1007.4309,0,0
1007.4309,0,0
1007.4309,0,0
1007.4309,0,0
1007.4912,0,0
1007.4912,0,0
1007.4912,0,0
1007.4912,0,0
1007.4912,0,0
1007.61035,0,0
1007.61035,0,0
1007.61035,0,0
1007.61035,0,0
1007.8185,0,0
1007.8185,0,0
1007.8185,0,0
1007.8185,0,0
1007.50696,0,0
1007.50696,0,0
1007.50696,0,0
1007.50696,0,0
1007.4133,0,0
1007.4133,0,0
1007.4133,0,0
1007.4133,0,0
1007.3261,0,0
1007.3261,0,0
1007.3261,0,0
1007.3261,0,0
1007.3176,0,0
1007.3176,0,0
1007.3176,0,0
1007.3176,0,0
1007.3248,0,0
1007.3248,0,0
1007.3248,0,0
1007.3248,0,0
1007.3248,0,0
1007.25336,0,0
1007.25336,0,0
1007.25336,0,0
1007.25336,0,0
1007.21765,0,0
1007.21765,0,0
1007.21765,0,0
1007.21765,0,0
1007.2483,0,0
1007.2483,0,0
1007.2483,0,0
1007.2483,0,0
1007.2704,0,0
1007.2704,0,0
1007.2704,0,0
1007.2704,0,0
1007.2874,0,0
1007.2874,0,0
1007.2874,0,0
1007.2874,0,0
1007.31366,0,0
1007.31366,0,0
1007.31366,0,0
1007.31366,0,0
1007.31805,0,0
1007.31805,0,0
1007.31805,0,0
1007.31805,0,0
1007.3231,0,0
1007.3231,0,0
1007.3231,0,0
1007.3231,0,0
1007.3231,0,0
1007.33124,0,0
1007.33124,0,0
1007.33124,0,0
1007.33124,0,0
