1007.35895,0,0
1007.35895,0,0
1007.35895,0,0
1007.35895,0,0
1007.3794,0,0
1007.3794,0,0
1007.3794,0,0
1007.3794,0,0
1007.40393,0,0
1007.40393,0,0
1007.40393,0,0
1007.40393,0,0
1007.4375,0,0
1007.4375,0,0
1007.4375,0,0
1007.4375,0,0
1007.4484,0,0
1007.4484,0,0
1007.4484,0,0
1007.4484,0,0
1007.4597,0,0
1007.4597,0,0
1007.4597,0,0
1007.4597,0,0
1007.4786,0,0
1007.4786,0,0
1007.4786,0,0
1007.4786,0,0
1007.4786,0,0
1007.48224,0,0
1007.48224,0,0
1007.48224,0,0
1007.48224,0,0
1007.4906,0,0
1007.4906,0,0
1007.4906,0,0
1007.4906,0,0
1007.5043,0,0
1007.5043,0,0
1007.5043,0,0
1007.5043,0,0
1007.5039,0,0
1007.5039,0,0
1007.5039,0,0
1007.5039,0,0
1007.50867,0,0
1007.50867,0,0
1007.50867,0,0
1007.50867,0,0
1007.5149,0,0
1007.5149,0,0
1007.5149,0,0
1007.5149,0,0
1007.54205,0,0
1007.54205,0,0
1007.54205,0,0
1007.54205,0,0
1007.54205,0,0
1007.5708,0,0
1007.5708,0,0
1007.5708,0,0
1007.5708,0,0
1007.57874,0,0
1007.57874,0,0
1007.57874,0,0
1007.57874,0,0
1007.6797,0,0
1007.6797,0,0
1007.6797,0,0
1007.6797,0,0
1007.79504,0,0
1007.79504,0,0
1007.79504,0,0
1007.79504,0,0
1008.0155,0,0
1008.0155,0,0
1008.0155,0,0
1008.0155,0,0
1007.92053,0,0
1007.92053,0,0
1007.92053,0,0
1007.92053,0,0
1007.8071,0,0
1007.8071,0,0
1007.8071,0,0
1007.8071,0,0
1007.7465,0,0
1007.7465,0,0
1007.7465,0,0
1007.7465,0,0
1007.7465,0,0
1007.7367,0,0
1007.7367,0,0
1007.7367,0,0
1007.7367,0,0
1007.7146,0,0
1007.7146,0,0
1007.7146,0,0
1007.7146,0,0
1007.614,0,0
1007.614,0,0
1007.614,0,0
1007.614,0,0
1007.5569,0,0
1007.5569,0,0
1007.5569,0,0
1007.5569,0,0
1007.5249,0,0
1007.5249,0,0
1007.5249,0,0
1007.5249,0,0
1007.50104,0,0
1007.50104,0,0
1007.50104,0,0
1007.50104,0,0
1007.49426,0,0
1007.49426,0,0
1007.49426,0,0
1007.49426,0,0
1007.49426,0,0
1007.4976,0,0
1007.4976,0,0
1007.4976,0,0
1007.4976,0,0
1007.50446,0,0
1007.50446,0,0
1007.50446,0,0
1007.50446,0,0
1007.5096,0,0
1007.5096,0,0
1007.5096,0,0
1007.5096,0,0
1007.5113,0,0
1007.5113,0,0
1007.5113,0,0
1007.5113,0,0
1007.51294,0,0
1007.51294,0,0
1007.51294,0,0
1007.51294,0,0
1007.5283,0,0
1007.5283,0,0
1007.5283,0,0
1007.5283,0,0
1007.52734,0,0
1007.52734,0,0
1007.52734,0,0
1007.52734,0,0
1007.52563,0,0
1007.52563,0,0
1007.52563,0,0
1007.52563,0,0
1007.52563,0,0
1007.53925,0,0
1007.53925,0,0
1007.53925,0,0
1007.53925,0,0
1007.52734,0,0
1007.52734,0,0
1007.52734,0,0
1007.52734,0,0
1007.5171,0,0
1007.5171,0,0
1007.5171,0,0
1007.5171,0,0
1007.5052,0,0
1007.5052,0,0
1007.5052,0,0
1007.5052,0,0
1007.495,0,0
1007.495,0,0
1007.495,0,0
1007.495,0,0
1007.4886,0,0
1007.4886,0,0
1007.4886,0,0
1007.4886,0,0
1007.4766,0,0
1007.4766,0,0
1007.4766,0,0
1007.4766,0,0
1007.4766,0,0
1007.4694,0,0
1007.4694,0,0
1007.4694,0,0
1007.4694,0,0
1007.4687,0,0
1007.4687,0,0
1007.4687,0,0
1007.4687,0,0
1007.47205,0,0
1007.47205,0,0
1007.47205,0,0
1007.47205,0,0
1007.47375,0,0
1007.47375,0,0
1007.47375,0,0
1007.47375,0,0
1007.4751,0,0
1007.4751,0,0
1007.4751,0,0
1007.4751,0,0
1007.4768,0,0
1007.4768,0,0
1007.4768,0,0
1007.4768,0,0
1007.47437,0,0
1007.47437,0,0
1007.47437,0,0
1007.47437,0,0
1007.47437,0,0
1007.48285,0,0
1007.48285,0,0
1007.48285,0,0
1007.48285,0,0
1007.48584,0,0
1007.48584,0,0
1007.48584,0,0
1007.48584,0,0
1007.48755,0,0
1007.48755,0,0
1007.48755,0,0
1007.48755,0,0
1007.48584,0,0
1007.48584,0,0
1007.48584,0,0
1007.48584,0,0
1007.48413,0,0
1007.48413,0,0
1007.48413,0,0
1007.48413,0,0
1007.4758,0,0
1007.4758,0,0
1007.4758,0,0
1007.4758,0,0
1007.4686,0,0
1007.4686,0,0
1007.4686,0,0
1007.4686,0,0
1007.4635,0,0
1007.4635,0,0
1007.4635,0,0
1007.4635,0,0
1007.4635,0,0
1007.4601,0,0
1007.4601,0,0
1007.4601,0,0
1007.4601,0,0
1007.447,0,0
1007.447,0,0
1007.447,0,0
1007.447,0,0
1007.45593,0,0
1007.45593,0,0
1007.45593,0,0
1007.45593,0,0
1007.4589,0,0
1007.4589,0,0
1007.4589,0,0
1007.4589,0,0
1007.4616,0,0
1007.4616,0,0
1007.4616,0,0
1007.4616,0,0
1007.4633,0,0
1007.4633,0,0
1007.4633,0,0
1007.4633,0,0
1007.4701,0,0
1007.4701,0,0
1007.4701,0,0
1007.4701,0,0
1007.4701,0,0
1007.468,0,0
1007.468,0,0
1007.468,0,0
1007.468,0,0
1007.4663,0,0
1007.4663,0,0
1007.4663,0,0
1007.4663,0,0
1007.46216,0,0
1007.46216,0,0
1007.46216,0,0
1007.46216,0,0
1007.46387,0,0
1007.46387,0,0
1007.46387,0,0
1007.46387,0,0
1007.4673,0,0
1007.4673,0,0
1007.4673,0,0
1007.4673,0,0
1007.46515,0,0
1007.46515,0,0
1007.46515,0,0
1007.46515,0,0
1007.4627,0,0
1007.4627,0,0
1007.4627,0,0
1007.4627,0,0
1007.4627,0,0
1007.46783,0,0
1007.46783,0,0
1007.46783,0,0
1007.46783,0,0
1007.4688,0,0
1007.4688,0,0
1007.4688,0,0
1007.4688,0,0
1007.4667,0,0
1007.4667,0,0
1007.4667,0,0
1007.4667,0,0
1007.46497,0,0
1007.46497,0,0
1007.46497,0,0
1007.46497,0,0
1007.4625,0,0
1007.4625,0,0
1007.4625,0,0
1007.4625,0,0
1007.46765,0,0
1007.46765,0,0
1007.46765,0,0
1007.46765,0,0
1007.46423,0,0
1007.46423,0,0
1007.46423,0,0
1007.46423,0,0
1007.46423,0,0
1007.46423,0,0
1007.46423,0,0
1007.46423,0,0
1007.46423,0,0
1007.45795,0,0
1007.45795,0,0
1007.45795,0,0
1007.45795,0,0
1007.45074,0,0
1007.45074,0,0
1007.45074,0,0
1007.45074,0,0
1007.4432,0,0
1007.4432,0,0
1007.4432,0,0
1007.4432,0,0
1007.43933,0,0
1007.43933,0,0
1007.43933,0,0
1007.43933,0,0
1007.4359,0,0
1007.4359,0,0
1007.4359,0,0
1007.4359,0,0
1007.42596,0,0
1007.42596,0,0
1007.42596,0,0
1007.42596,0,0
1007.42255,0,0
1007.42255,0,0
1007.42255,0,0
1007.42255,0,0
1007.42255,0,0
1007.41284,0,0
1007.41284,0,0
1007.41284,0,0
1007.41284,0,0
1007.41455,0,0
1007.41455,0,0
1007.41455,0,0
1007.41455,0,0
1007.4078,0,0
1007.4078,0,0
1007.4078,0,0
1007.4078,0,0
1007.40393,0,0
1007.40393,0,0
1007.40393,0,0
1007.40393,0,0
1007.4022,0,0
1007.4022,0,0
1007.4022,0,0
1007.4022,0,0
1007.4032,0,0
1007.4032,0,0
1007.4032,0,0
1007.4032,0,0
1007.4049,0,0
1007.4049,0,0
1007.4049,0,0
1007.4049,0,0
1007.4049,0,0
1007.4066,0,0
1007.4066,0,0
1007.4066,0,0
1007.4066,0,0
1007.40204,0,0
1007.40204,0,0
1007.40204,0,0
1007.40204,0,0
1007.4062,0,0
1007.4062,0,0
1007.4062,0,0
1007.4062,0,0
1007.40204,0,0
1007.40204,0,0
1007.40204,0,0
1007.40204,0,0
1007.39233,0,0
1007.39233,0,0
1007.39233,0,0
1007.39233,0,0
1007.3992,0,0
1007.3992,0,0
1007.3992,0,0
1007.3992,0,0
1007.40186,0,0
1007.40186,0,0
1007.40186,0,0
1007.40186,0,0
1007.39465,0,0
1007.39465,0,0
1007.39465,0,0
1007.39465,0,0
1007.39465,0,0
1007.40314,0,0
1007.40314,0,0
1007.40314,0,0
1007.40314,0,0
1007.40753,0,0
1007.40753,0,0
1007.40753,0,0
1007.40753,0,0
1007.40125,0,0
1007.40125,0,0
1007.40125,0,0
1007.40125,0,0
1007.4081,0,0
1007.4081,0,0
1007.4081,0,0
1007.4081,0,0
1007.4115,0,0
1007.4115,0,0
1007.4115,0,0
1007.4115,0,0
1007.40466,0,0
1007.40466,0,0
1007.40466,0,0
1007.40466,0,0
1007.4025,0,0
1007.4025,0,0
1007.4025,0,0
1007.4025,0,0
1007.4025,0,0
1007.4001,0,0
1007.4001,0,0
1007.4001,0,0
1007.4001,0,0
1007.40234,0,0
1007.40234,0,0
1007.40234,0,0
1007.40234,0,0
1007.4126,0,0
1007.4126,0,0
1007.4126,0,0
1007.4126,0,0
1007.4245,0,0
1007.4245,0,0
1007.4245,0,0
1007.4245,0,0
1007.42883,0,0
1007.42883,0,0
1007.42883,0,0
1007.42883,0,0
1007.42334,0,0
1007.42334,0,0
1007.42334,0,0
1007.42334,0,0
1007.42163,0,0
1007.42163,0,0
1007.42163,0,0
1007.42163,0,0
1007.42163,0,0
1007.40894,0,0
1007.40894,0,0
1007.40894,0,0
1007.40894,0,0
1007.4056,0,0
1007.4056,0,0
1007.4056,0,0
1007.4056,0,0
1007.4056,0,0
1007.4056,0,0
1007.4056,0,0
1007.4056,0,0
1007.3976,0,0
1007.3976,0,0
1007.3976,0,0
1007.3976,0,0
1007.3993,0,0
1007.3993,0,0
1007.3993,0,0
1007.3993,0,0
1007.39716,0,0
1007.39716,0,0
1007.39716,0,0
1007.39716,0,0
1007.4023,0,0
1007.4023,0,0
1007.4023,0,0
1007.4023,0,0
1007.3943,0,0
1007.3943,0,0
1007.3943,0,0
1007.3943,0,0
1007.3943,0,0
1007.396,0,0
1007.396,0,0
1007.396,0,0
1007.396,0,0
1007.40454,0,0
1007.40454,0,0
1007.40454,0,0
1007.40454,0,0
1007.41064,0,0
1007.41064,0,0
1007.41064,0,0
1007.41064,0,0
1007.4167,0,0
1007.4167,0,0
1007.4167,0,0
1007.4167,0,0
1007.41455,0,0
1007.41455,0,0
1007.41455,0,0
1007.41455,0,0
1007.41626,0,0
1007.41626,0,0
1007.41626,0,0
1007.41626,0,0
1007.4214,0,0
1007.4214,0,0
1007.4214,0,0
1007.4214,0,0
1007.4214,0,0
1007.42365,0,0
1007.42365,0,0
1007.42365,0,0
1007.42365,0,0
1007.4394,0,0
1007.4394,0,0
1007.4394,0,0
1007.4394,0,0
1007.43726,0,0
1007.43726,0,0
1007.43726,0,0
1007.43726,0,0
1007.43896,0,0
1007.43896,0,0
1007.43896,0,0
1007.43896,0,0
1007.43726,0,0
1007.43726,0,0
1007.43726,0,0
1007.43726,0,0
1007.4407,0,0
1007.4407,0,0
1007.4407,0,0
1007.4407,0,0
1007.43994,0,0
1007.43994,0,0
1007.43994,0,0
1007.43994,0,0
1007.43994,0,0
1007.4412,0,0
1007.4412,0,0
1007.4412,0,0
1007.4412,0,0
1007.4388,0,0
1007.4388,0,0
1007.4388,0,0
1007.4388,0,0
1007.43365,0,0
1007.43365,0,0
1007.43365,0,0
1007.43365,0,0
1007.43494,0,0
1007.43494,0,0
1007.43494,0,0
1007.43494,0,0
1007.4291,0,0
1007.4291,0,0
1007.4291,0,0
1007.4291,0,0
1007.42834,0,0
1007.42834,0,0
1007.42834,0,0
1007.42834,0,0
1007.42285,0,0
1007.42285,0,0
1007.42285,0,0
1007.42285,0,0
1007.41943,0,0
1007.41943,0,0
1007.41943,0,0
1007.41943,0,0
1007.41943,0,0
1007.41943,0,0
1007.41943,0,0
1007.41943,0,0
1007.41943,0,0
1007.41943,0,0
1007.41943,0,0
1007.41943,0,0
1007.41943,0,0
1007.42456,0,0
1007.42456,0,0
1007.42456,0,0
1007.42456,0,0
1007.4238,0,0
1007.4238,0,0
1007.4238,0,0
1007.4238,0,0
1007.4238,0,0
1007.4238,0,0
1007.4238,0,0
1007.4238,0,0
1007.4238,0,0
1007.4238,0,0
1007.4238,0,0
1007.4238,0,0
1007.4217,0,0
1007.4217,0,0
1007.4217,0,0
1007.4217,0,0
1007.4217,0,0
1007.42096,0,0
1007.42096,0,0
1007.42096,0,0
1007.42096,0,0
1007.42096,0,0
1007.42096,0,0
1007.42096,0,0
1007.42096,0,0
1007.42224,0,0
1007.42224,0,0
1007.42224,0,0
1007.42224,0,0
1007.4232,0,0
1007.4232,0,0
1007.4232,0,0
1007.4232,0,0
1007.4266,0,0
1007.4266,0,0
1007.4266,0,0
1007.4266,0,0
1007.42957,0,0
1007.42957,0,0
1007.42957,0,0
1007.42957,0,0
1007.4271,0,0
1007.4271,0,0
1007.4271,0,0
1007.4271,0,0
1007.4271,0,0
1007.42883,0,0
1007.42883,0,0
1007.42883,0,0
1007.42883,0,0
1007.4391,0,0
1007.4391,0,0
1007.4391,0,0
1007.4391,0,0
1007.44006,0,0
1007.44006,0,0
1007.44006,0,0
1007.44006,0,0
1007.4537,0,0
1007.4537,0,0
1007.4537,0,0
1007.4537,0,0
1007.4612,0,0
1007.4612,0,0
1007.4612,0,0
1007.4612,0,0
1007.45874,0,0
1007.45874,0,0
1007.45874,0,0
1007.45874,0,0
1007.46216,0,0
1007.46216,0,0
1007.46216,0,0
1007.46216,0,0
1007.46216,0,0
1007.46216,0,0
1007.46216,0,0
1007.46216,0,0
1007.46216,0,0
1007.4656,0,0
1007.4656,0,0
1007.4656,0,0
1007.4656,0,0
1007.461,0,0
1007.461,0,0
1007.461,0,0
1007.461,0,0
1007.4606,0,0
1007.4606,0,0
1007.4606,0,0
1007.4606,0,0
1007.4623,0,0
1007.4623,0,0
1007.4623,0,0
1007.4623,0,0
1007.46497,0,0
1007.46497,0,0
1007.46497,0,0
1007.46497,0,0
1007.46625,0,0
1007.46625,0,0
1007.46625,0,0
1007.46625,0,0
1007.474,0,0
1007.474,0,0
1007.474,0,0
1007.474,0,0
1007.474,0,0
1007.4702,0,0
1007.4702,0,0
1007.4702,0,0
1007.4702,0,0
1007.46606,0,0
1007.46606,0,0
1007.46606,0,0
1007.46606,0,0
1007.4712,0,0
1007.4712,0,0
1007.4712,0,0
1007.4712,0,0
1007.4797,0,0
1007.4797,0,0
1007.4797,0,0
1007.4797,0,0
1007.47894,0,0
1007.47894,0,0
1007.47894,0,0
1007.47894,0,0
1007.4841,0,0
1007.4841,0,0
1007.4841,0,0
1007.4841,0,0
1007.48364,0,0
1007.48364,0,0
1007.48364,0,0
1007.48364,0,0
1007.48364,0,0
1007.48535,0,0
1007.48535,0,0
1007.48535,0,0
1007.48535,0,0
1007.4859,0,0
1007.4859,0,0
1007.4859,0,0
1007.4859,0,0
1007.4927,0,0
1007.4927,0,0
1007.4927,0,0
1007.4927,0,0
1007.4961,0,0
1007.4961,0,0
1007.4961,0,0
1007.4961,0,0
1007.4961,0,0
1007.4961,0,0
1007.4961,0,0
1007.4961,0,0
1007.50635,0,0
1007.50635,0,0
1007.50635,0,0
1007.50635,0,0
1007.5005,0,0
1007.5005,0,0
1007.5005,0,0
1007.5005,0,0
1007.5005,0,0
1007.5005,0,0
1007.5005,0,0
1007.5005,0,0
1007.5005,0,0
1007.4988,0,0
1007.4988,0,0
1007.4988,0,0
1007.4988,0,0
1007.5018,0,0
1007.5018,0,0
1007.5018,0,0
1007.5018,0,0
1007.51196,0,0
1007.51196,0,0
1007.51196,0,0
1007.51196,0,0
1007.5171,0,0
1007.5171,0,0
1007.5171,0,0
1007.5171,0,0
1007.52563,0,0
1007.52563,0,0
1007.52563,0,0
1007.52563,0,0
1007.5324,0,0
1007.5324,0,0
1007.5324,0,0
1007.5324,0,0
1007.53925,0,0
1007.53925,0,0
1007.53925,0,0
1007.53925,0,0
1007.53925,0,0
1007.5402,0,0
1007.5402,0,0
1007.5402,0,0
1007.5402,0,0
1007.5415,0,0
1007.5415,0,0
1007.5415,0,0
1007.5415,0,0
1007.5415,0,0
1007.5415,0,0
1007.5415,0,0
1007.5415,0,0
1007.5381,0,0
1007.5381,0,0
1007.5381,0,0
1007.5381,0,0
1007.5381,0,0
1007.5381,0,0
1007.5381,0,0
1007.5381,0,0
1007.53394,0,0
1007.53394,0,0
1007.53394,0,0
1007.53394,0,0
1007.5233,0,0
1007.5233,0,0
1007.5233,0,0
1007.5233,0,0
1007.5233,0,0
1007.525,0,0
1007.525,0,0
1007.525,0,0
1007.525,0,0
1007.51843,0,0
1007.51843,0,0
1007.51843,0,0
1007.51843,0,0
1007.5129,0,0
1007.5129,0,0
1007.5129,0,0
1007.5129,0,0
1007.50946,0,0
1007.50946,0,0
1007.50946,0,0
1007.50946,0,0
1007.5167,0,0
1007.5167,0,0
1007.5167,0,0
1007.5167,0,0
1007.5286,0,0
1007.5286,0,0
1007.5286,0,0
1007.5286,0,0
1007.5418,0,0
1007.5418,0,0
1007.5418,0,0
1007.5418,0,0
1007.55884,0,0
1007.55884,0,0
1007.55884,0,0
1007.55884,0,0
1007.55884,0,0
1007.57007,0,0
1007.57007,0,0
1007.57007,0,0
1007.57007,0,0
1007.5837,0,0
1007.5837,0,0
1007.5837,0,0
1007.5837,0,0
1007.5939,0,0
1007.5939,0,0
1007.5939,0,0
1007.5939,0,0
1007.58496,0,0
1007.58496,0,0
1007.58496,0,0
1007.58496,0,0
1007.57306,0,0
1007.57306,0,0
1007.57306,0,0
1007.57306,0,0
1007.55865,0,0
1007.55865,0,0
1007.55865,0,0
1007.55865,0,0
1007.53955,0,0
1007.53955,0,0
1007.53955,0,0
1007.53955,0,0
1007.53955,0,0
1007.52686,0,0
1007.52686,0,0
1007.52686,0,0
1007.52686,0,0
1007.5166,0,0
1007.5166,0,0
1007.5166,0,0
1007.5166,0,0
1007.5183,0,0
1007.5183,0,0
1007.5183,0,0
1007.5183,0,0
1007.5098,0,0
1007.5098,0,0
1007.5098,0,0
1007.5098,0,0
1007.506,0,0
1007.506,0,0
1007.506,0,0
1007.506,0,0
1007.50256,0,0
1007.50256,0,0
1007.50256,0,0
1007.50256,0,0
1007.506,0,0
1007.506,0,0
1007.506,0,0
1007.506,0,0
1007.506,0,0
1007.5094,0,0
1007.5094,0,0
1007.5094,0,0
1007.5094,0,0
1007.5111,0,0
1007.5111,0,0
1007.5111,0,0
1007.5111,0,0
1007.5121,0,0
1007.5121,0,0
1007.5121,0,0
1007.5121,0,0
1007.5148,0,0
1007.5148,0,0
1007.5148,0,0
1007.5148,0,0
1007.52155,0,0
1007.52155,0,0
1007.52155,0,0
1007.52155,0,0
1007.5177,0,0
1007.5177,0,0
1007.5177,0,0
1007.5177,0,0
1007.52454,0,0
1007.52454,0,0
1007.52454,0,0
1007.52454,0,0
1007.52893,0,0
1007.52893,0,0
1007.52893,0,0
1007.52893,0,0
1007.52893,0,0
1007.5238,0,0
1007.5238,0,0
1007.5238,0,0
1007.5238,0,0
1007.5348,0,0
1007.5348,0,0
1007.5348,0,0
1007.5348,0,0
1007.54083,0,0
1007.54083,0,0
1007.54083,0,0
1007.54083,0,0
1007.5374,0,0
1007.5374,0,0
1007.5374,0,0
1007.5374,0,0
1007.5391,0,0
1007.5391,0,0
1007.5391,0,0
1007.5391,0,0
1007.5374,0,0
1007.5374,0,0
1007.5374,0,0
1007.5374,0,0
1007.5302,0,0
1007.5302,0,0
1007.5302,0,0
1007.5302,0,0
1007.5302,0,0
1007.5272,0,0
1007.5272,0,0
1007.5272,0,0
1007.5272,0,0
1007.5251,0,0
1007.5251,0,0
1007.5251,0,0
1007.5251,0,0
1007.52094,0,0
1007.52094,0,0
1007.52094,0,0
1007.52094,0,0
1007.52094,0,0
1007.52094,0,0
1007.52094,0,0
1007.52094,0,0
1007.5175,0,0
1007.5175,0,0
1007.5175,0,0
1007.5175,0,0
1007.52264,0,0
1007.52264,0,0
1007.52264,0,0
1007.52264,0,0
1007.52264,0,0
1007.52264,0,0
1007.52264,0,0
1007.52264,0,0
1007.52264,0,0
1007.52435,0,0
1007.52435,0,0
1007.52435,0,0
1007.52435,0,0
1007.5294,0,0
1007.5294,0,0
1007.5294,0,0
1007.5294,0,0
1007.53076,0,0
1007.53076,0,0
1007.53076,0,0
1007.53076,0,0
1007.53925,0,0
1007.53925,0,0
1007.53925,0,0
1007.53925,0,0
1007.5317,0,0
1007.5317,0,0
1007.5317,0,0
1007.5317,0,0
1007.53296,0,0
1007.53296,0,0
1007.53296,0,0
1007.53296,0,0
1007.53467,0,0
1007.53467,0,0
1007.53467,0,0
1007.53467,0,0
1007.52374,0,0
1007.52374,0,0
1007.52374,0,0
1007.52374,0,0
1007.52374,0,0
1007.5245,0,0
1007.5245,0,0
1007.5245,0,0
1007.5245,0,0
1007.5152,0,0
1007.5152,0,0
1007.5152,0,0
1007.5152,0,0
1007.51764,0,0
1007.51764,0,0
1007.51764,0,0
1007.51764,0,0
1007.5112,0,0
1007.5112,0,0
1007.5112,0,0
1007.5112,0,0
1007.5112,0,0
1007.5112,0,0
1007.5112,0,0
1007.5112,0,0
1007.51294,0,0
1007.51294,0,0
1007.51294,0,0
1007.51294,0,0
1007.50446,0,0
1007.50446,0,0
1007.50446,0,0
1007.50446,0,0
1007.50446,0,0
1007.50275,0,0
1007.50275,0,0
1007.50275,0,0
1007.50275,0,0
1007.4955,0,0
1007.4955,0,0
1007.4955,0,0
1007.4955,0,0
1007.4989,0,0
1007.4989,0,0
1007.4989,0,0
1007.4989,0,0
1007.4972,0,0
1007.4972,0,0
1007.4972,0,0
1007.4972,0,0
1007.5006,0,0
1007.5006,0,0
1007.5006,0,0
1007.5006,0,0
1007.5023,0,0
1007.5023,0,0
1007.5023,0,0
1007.5023,0,0
1007.49817,0,0
1007.49817,0,0
1007.49817,0,0
1007.49817,0,0
1007.49817,0,0
1007.49646,0,0
1007.49646,0,0
1007.49646,0,0
1007.49646,0,0
1007.4889,0,0
1007.4889,0,0
1007.4889,0,0
1007.4889,0,0
1007.4872,0,0
1007.4872,0,0
1007.4872,0,0
1007.4872,0,0
1007.4787,0,0
1007.4787,0,0
1007.4787,0,0
1007.4787,0,0
1007.47363,0,0
1007.47363,0,0
1007.47363,0,0
1007.47363,0,0
1007.47363,0,0
1007.47363,0,0
1007.47363,0,0
1007.47363,0,0
1007.47363,0,0
1007.47363,0,0
1007.47363,0,0
1007.47363,0,0
1007.47144,0,0
1007.47144,0,0
1007.47144,0,0
1007.47144,0,0
1007.47144,0,0
1007.4698,0,0
1007.4698,0,0
1007.4698,0,0
1007.4698,0,0
1007.469,0,0
1007.469,0,0
1007.469,0,0
1007.469,0,0
1007.4639,0,0
1007.4639,0,0
1007.4639,0,0
1007.4639,0,0
1007.4639,0,0
1007.4639,0,0
1007.4639,0,0
1007.4639,0,0
1007.4639,0,0
1007.4639,0,0
1007.4639,0,0
1007.4639,0,0
1007.469,0,0
1007.469,0,0
1007.469,0,0
1007.469,0,0
1007.469,0,0
1007.469,0,0
1007.469,0,0
1007.469,0,0
1007.469,0,0
1007.46735,0,0
1007.46735,0,0
1007.46735,0,0
1007.46735,0,0
1007.4639,0,0
1007.4639,0,0
1007.4639,0,0
1007.4639,0,0
1007.4635,0,0
1007.4635,0,0
1007.4635,0,0
1007.4635,0,0
1007.46735,0,0
1007.46735,0,0
1007.46735,0,0
1007.46735,0,0
1007.4622,0,0
1007.4622,0,0
1007.4622,0,0
1007.4622,0,0
1007.4584,0,0
1007.4584,0,0
1007.4584,0,0
1007.4584,0,0
1007.4639,0,0
1007.4639,0,0
1007.4639,0,0
1007.4639,0,0
1007.4639,0,0
1007.4622,0,0
1007.4622,0,0
1007.4622,0,0
1007.4622,0,0
1007.4605,0,0
1007.4605,0,0
1007.4605,0,0
1007.4605,0,0
1007.46735,0,0
1007.46735,0,0
1007.46735,0,0
1007.46735,0,0
1007.4622,0,0
1007.4622,0,0
1007.4622,0,0
1007.4622,0,0
1007.4605,0,0
1007.4605,0,0
1007.4605,0,0
1007.4605,0,0
1007.45374,0,0
1007.45374,0,0
1007.45374,0,0
1007.45374,0,0
1007.4571,0,0
1007.4571,0,0
1007.4571,0,0
1007.4571,0,0
1007.4516,0,0
1007.4516,0,0
1007.4516,0,0
1007.4516,0,0
1007.4516,0,0
1007.44745,0,0
1007.44745,0,0
1007.44745,0,0
1007.44745,0,0
1007.44574,0,0
1007.44574,0,0
1007.44574,0,0
1007.44574,0,0
1007.4406,0,0
1007.4406,0,0
1007.4406,0,0
1007.4406,0,0
1007.4402,0,0
1007.4402,0,0
1007.4402,0,0
1007.4402,0,0
1007.44574,0,0
1007.44574,0,0
1007.44574,0,0
1007.44574,0,0
1007.4453,0,0
1007.4453,0,0
1007.4453,0,0
1007.4453,0,0
1007.45044,0,0
1007.45044,0,0
1007.45044,0,0
1007.45044,0,0
1007.45044,0,0
1007.45044,0,0
1007.45044,0,0
1007.45044,0,0
1007.45044,0,0
1007.4525,0,0
1007.4525,0,0
1007.4525,0,0
1007.4525,0,0
1007.45764,0,0
1007.45764,0,0
1007.45764,0,0
1007.45764,0,0
1007.45935,0,0
1007.45935,0,0
1007.45935,0,0
1007.45935,0,0
1007.4572,0,0
1007.4572,0,0
1007.4572,0,0
1007.4572,0,0
1007.4565,0,0
1007.4565,0,0
1007.4565,0,0
1007.4565,0,0
1007.46405,0,0
1007.46405,0,0
1007.46405,0,0
1007.46405,0,0
1007.4589,0,0
1007.4589,0,0
1007.4589,0,0
1007.4589,0,0
1007.4589,0,0
1007.45935,0,0
1007.45935,0,0
1007.45935,0,0
1007.45935,0,0
1007.46106,0,0
1007.46106,0,0
1007.46106,0,0
1007.46106,0,0
1007.4662,0,0
1007.4662,0,0
1007.4662,0,0
1007.4662,0,0
1007.46106,0,0
1007.46106,0,0
1007.46106,0,0
1007.46106,0,0
1007.45593,0,0
1007.45593,0,0
1007.45593,0,0
1007.45593,0,0
1007.4542,0,0
1007.4542,0,0
1007.4542,0,0
1007.4542,0,0
1007.45215,0,0
1007.45215,0,0
1007.45215,0,0
1007.45215,0,0
1007.45215,0,0
1007.4419,0,0
1007.4419,0,0
1007.4419,0,0
1007.4419,0,0
1007.4436,0,0
1007.4436,0,0
1007.4436,0,0
1007.4436,0,0
1007.447,0,0
1007.447,0,0
1007.447,0,0
1007.447,0,0
1007.447,0,0
1007.447,0,0
1007.447,0,0
1007.447,0,0
1007.4589,0,0
1007.4589,0,0
1007.4589,0,0
1007.4589,0,0
1007.46234,0,0
1007.46234,0,0
1007.46234,0,0
1007.46234,0,0
1007.46063,0,0
1007.46063,0,0
1007.46063,0,0
1007.46063,0,0
1007.46063,0,0
1007.46234,0,0
1007.46234,0,0
1007.46234,0,0
1007.46234,0,0
1007.45386,0,0
1007.45386,0,0
1007.45386,0,0
1007.45386,0,0
1007.45557,0,0
1007.45557,0,0
1007.45557,0,0
1007.45557,0,0
1007.45557,0,0
1007.45557,0,0
1007.45557,0,0
1007.45557,0,0
1007.4446,0,0
1007.4446,0,0
1007.4446,0,0
1007.4446,0,0
1007.4446,0,0
1007.4446,0,0
1007.4446,0,0
1007.4446,0,0
1007.44244,0,0
1007.44244,0,0
1007.44244,0,0
1007.44244,0,0
1007.44244,0,0
1007.44116,0,0
1007.44116,0,0
1007.44116,0,0
1007.44116,0,0
1007.43054,0,0
1007.43054,0,0
1007.43054,0,0
1007.43054,0,0
1007.43225,0,0
1007.43225,0,0
1007.43225,0,0
1007.43225,0,0
1007.43225,0,0
1007.43225,0,0
1007.43225,0,0
1007.43225,0,0
1007.43774,0,0
1007.43774,0,0
1007.43774,0,0
1007.43774,0,0
1007.43567,0,0
1007.43567,0,0
1007.43567,0,0
1007.43567,0,0
1007.43494,0,0
1007.43494,0,0
1007.43494,0,0
1007.43494,0,0
1007.4383,0,0
1007.4383,0,0
1007.4383,0,0
1007.4383,0,0
1007.4383,0,0
1007.4417,0,0
1007.4417,0,0
1007.4417,0,0
1007.4417,0,0
1007.44684,0,0
1007.44684,0,0
1007.44684,0,0
1007.44684,0,0
1007.43756,0,0
1007.43756,0,0
1007.43756,0,0
1007.43756,0,0
1007.4393,0,0
1007.4393,0,0
1007.4393,0,0
1007.4393,0,0
1007.4434,0,0
1007.4434,0,0
1007.4434,0,0
1007.4434,0,0
1007.4451,0,0
1007.4451,0,0
1007.4451,0,0
1007.4451,0,0
1007.4485,0,0
1007.4485,0,0
1007.4485,0,0
1007.4485,0,0
1007.4485,0,0
1007.4502,0,0
1007.4502,0,0
1007.4502,0,0
1007.4502,0,0
1007.44684,0,0
1007.44684,0,0
1007.44684,0,0
1007.44684,0,0
1007.43585,0,0
1007.43585,0,0
1007.43585,0,0
1007.43585,0,0
1007.43756,0,0
1007.43756,0,0
1007.43756,0,0
1007.43756,0,0
1007.441,0,0
1007.441,0,0
1007.441,0,0
1007.441,0,0
1007.43756,0,0
1007.43756,0,0
1007.43756,0,0
1007.43756,0,0
1007.43414,0,0
1007.43414,0,0
1007.43414,0,0
1007.43414,0,0
1007.43414,0,0
1007.43414,0,0
1007.43414,0,0
1007.43414,0,0
1007.43414,0,0
1007.43414,0,0
1007.43414,0,0
1007.43414,0,0
1007.43414,0,0
1007.43756,0,0
1007.43756,0,0
1007.43756,0,0
1007.43756,0,0
1007.4337,0,0
1007.4337,0,0
1007.4337,0,0
1007.4337,0,0
1007.4354,0,0
1007.4354,0,0
1007.4354,0,0
1007.4354,0,0
1007.43884,0,0
1007.43884,0,0
1007.43884,0,0
1007.43884,0,0
1007.4491,0,0
1007.4491,0,0
1007.4491,0,0
1007.4491,0,0
1007.4559,0,0
1007.4559,0,0
1007.4559,0,0
1007.4559,0,0
1007.4559,0,0
1007.4614,0,0
1007.4614,0,0
1007.4614,0,0
1007.4614,0,0
1007.4614,0,0
1007.4614,0,0
1007.4614,0,0
1007.4614,0,0
1007.46313,0,0
1007.46313,0,0
1007.46313,0,0
1007.46313,0,0
1007.4614,0,0
1007.4614,0,0
1007.4614,0,0
1007.4614,0,0
1007.4508,0,0
1007.4508,0,0
1007.4508,0,0
1007.4508,0,0
1007.4614,0,0
1007.4614,0,0
1007.4614,0,0
1007.4614,0,0
1007.46436,0,0
1007.46436,0,0
1007.46436,0,0
1007.46436,0,0
1007.46436,0,0
1007.45514,0,0
1007.45514,0,0
1007.45514,0,0
1007.45514,0,0
1007.45,0,0
1007.45,0,0
1007.45,0,0
1007.45,0,0
1007.44495,0,0
1007.44495,0,0
1007.44495,0,0
1007.44495,0,0
1007.44324,0,0
1007.44324,0,0
1007.44324,0,0
1007.44324,0,0
1007.44617,0,0
1007.44617,0,0
1007.44617,0,0
1007.44617,0,0
1007.45514,0,0
1007.45514,0,0
1007.45514,0,0
1007.45514,0,0
1007.45856,0,0
1007.45856,0,0
1007.45856,0,0
1007.45856,0,0
1007.45856,0,0
1007.46533,0,0
1007.46533,0,0
1007.46533,0,0
1007.46533,0,0
1007.46875,0,0
1007.46875,0,0
1007.46875,0,0
1007.46875,0,0
1007.4619,0,0
1007.4619,0,0
1007.4619,0,0
1007.4619,0,0
1007.46875,0,0
1007.46875,0,0
1007.46875,0,0
1007.46875,0,0
1007.4683,0,0
1007.4683,0,0
1007.4683,0,0
1007.4683,0,0
1007.4773,0,0
1007.4773,0,0
1007.4773,0,0
1007.4773,0,0
1007.4683,0,0
1007.4683,0,0
1007.4683,0,0
1007.4683,0,0
1007.46497,0,0
1007.46497,0,0
1007.46497,0,0
1007.46497,0,0
1007.46497,0,0
1007.46326,0,0
1007.46326,0,0
1007.46326,0,0
1007.46326,0,0
1007.4591,0,0
1007.4591,0,0
1007.4591,0,0
1007.4591,0,0
1007.4591,0,0
1007.4591,0,0
1007.4591,0,0
1007.4591,0,0
1007.46497,0,0
1007.46497,0,0
1007.46497,0,0
1007.46497,0,0
1007.4581,0,0
1007.4581,0,0
1007.4581,0,0
1007.4581,0,0
1007.45685,0,0
1007.45685,0,0
1007.45685,0,0
1007.45685,0,0
1007.46027,0,0
1007.46027,0,0
1007.46027,0,0
1007.46027,0,0
1007.46027,0,0
1007.4636,0,0
1007.4636,0,0
1007.4636,0,0
1007.4636,0,0
1007.46326,0,0
1007.46326,0,0
1007.46326,0,0
1007.46326,0,0
1007.4667,0,0
1007.4667,0,0
1007.4667,0,0
1007.4667,0,0
1007.46326,0,0
1007.46326,0,0
1007.46326,0,0
1007.46326,0,0
1007.47687,0,0
1007.47687,0,0
1007.47687,0,0
1007.47687,0,0
1007.4693,0,0
1007.4693,0,0
1007.4693,0,0
1007.4693,0,0
1007.4727,0,0
1007.4727,0,0
1007.4727,0,0
1007.4727,0,0
1007.4727,0,0
1007.4693,0,0
1007.4693,0,0
1007.4693,0,0
1007.4693,0,0
1007.4727,0,0
1007.4727,0,0
1007.4727,0,0
1007.4727,0,0
1007.4625,0,0
1007.4625,0,0
1007.4625,0,0
1007.4625,0,0
1007.454,0,0
1007.454,0,0
1007.454,0,0
1007.454,0,0
1007.4421,0,0
1007.4421,0,0
1007.4421,0,0
1007.4421,0,0
1007.4302,0,0
1007.4302,0,0
1007.4302,0,0
1007.4302,0,0
1007.42847,0,0
1007.42847,0,0
1007.42847,0,0
1007.42847,0,0
1007.42633,0,0
1007.42633,0,0
1007.42633,0,0
1007.42633,0,0
1007.42633,0,0
1007.42633,0,0
1007.42633,0,0
1007.42633,0,0
1007.42633,0,0
1007.43066,0,0
1007.43066,0,0
1007.43066,0,0
1007.43066,0,0
1007.43823,0,0
1007.43823,0,0
1007.43823,0,0
1007.43823,0,0
1007.4485,0,0
1007.4485,0,0
1007.4485,0,0
1007.4485,0,0
1007.45355,0,0
1007.45355,0,0
1007.45355,0,0
1007.45355,0,0
1007.46545,0,0
1007.46545,0,0
1007.46545,0,0
1007.46545,0,0
1007.47327,0,0
1007.47327,0,0
1007.47327,0,0
1007.47327,0,0
1007.47327,0,0
1007.4784,0,0
1007.4784,0,0
1007.4784,0,0
1007.4784,0,0
1007.47626,0,0
1007.47626,0,0
1007.47626,0,0
1007.47626,0,0
1007.4711,0,0
1007.4711,0,0
1007.4711,0,0
1007.4711,0,0
1007.47327,0,0
1007.47327,0,0
1007.47327,0,0
1007.47327,0,0
1007.475,0,0
1007.475,0,0
1007.475,0,0
1007.475,0,0
1007.475,0,0
1007.475,0,0
1007.475,0,0
1007.475,0,0
1007.4677,0,0
1007.4677,0,0
1007.4677,0,0
1007.4677,0,0
1007.4677,0,0
1007.4677,0,0
1007.4677,0,0
1007.4677,0,0
1007.4677,0,0
1007.4677,0,0
1007.4677,0,0
1007.4677,0,0
1007.4677,0,0
1007.46265,0,0
1007.46265,0,0
1007.46265,0,0
1007.46265,0,0
1007.46265,0,0
1007.46265,0,0
1007.46265,0,0
1007.46265,0,0
1007.46265,0,0
1007.46265,0,0
1007.46265,0,0
1007.46265,0,0
1007.4592,0,0
1007.4592,0,0
1007.4592,0,0
1007.4592,0,0
1007.4558,0,0
1007.4558,0,0
1007.4558,0,0
1007.4558,0,0
1007.45166,0,0
1007.45166,0,0
1007.45166,0,0
1007.45166,0,0
1007.45166,0,0
1007.44653,0,0
1007.44653,0,0
1007.44653,0,0
1007.44653,0,0
1007.44556,0,0
1007.44556,0,0
1007.44556,0,0
1007.44556,0,0
1007.4524,0,0
1007.4524,0,0
1007.4524,0,0
1007.4524,0,0
1007.4558,0,0
1007.4558,0,0
1007.4558,0,0
1007.4558,0,0
1007.4592,0,0
1007.4592,0,0
1007.4592,0,0
1007.4592,0,0
1007.46094,0,0
1007.46094,0,0
1007.46094,0,0
1007.46094,0,0
1007.463,0,0
1007.463,0,0
1007.463,0,0
1007.463,0,0
1007.463,0,0
1007.4541,0,0
1007.4541,0,0
1007.4541,0,0
1007.4541,0,0
1007.4541,0,0
1007.4541,0,0
1007.4541,0,0
1007.4541,0,0
1007.4596,0,0
1007.4596,0,0
1007.4596,0,0
1007.4596,0,0
1007.4596,0,0
1007.4596,0,0
1007.4596,0,0
1007.4596,0,0
1007.45624,0,0
1007.45624,0,0
1007.45624,0,0
1007.45624,0,0
1007.4558,0,0
1007.4558,0,0
1007.4558,0,0
1007.4558,0,0
1007.4592,0,0
1007.4592,0,0
1007.4592,0,0
1007.4592,0,0
1007.4575,0,0
1007.4575,0,0
1007.4575,0,0
1007.4575,0,0
1007.4575,0,0
1007.4575,0,0
1007.4575,0,0
1007.4575,0,0
1007.4575,0,0
1007.4592,0,0
1007.4592,0,0
1007.4592,0,0
1007.4592,0,0
1007.45337,0,0
1007.45337,0,0
1007.45337,0,0
1007.45337,0,0
1007.45337,0,0
1007.45337,0,0
1007.45337,0,0
1007.45337,0,0
1007.44653,0,0
1007.44653,0,0
1007.44653,0,0
1007.44653,0,0
1007.4524,0,0
1007.4524,0,0
1007.4524,0,0
1007.4524,0,0
1007.45166,0,0
1007.45166,0,0
1007.45166,0,0
1007.45166,0,0
1007.45166,0,0
1007.4475,0,0
1007.4475,0,0
1007.4475,0,0
1007.4475,0,0
1007.45166,0,0
1007.45166,0,0
1007.45166,0,0
1007.45166,0,0
1007.45166,0,0
1007.45166,0,0
1007.45166,0,0
1007.45166,0,0
1007.45337,0,0
1007.45337,0,0
1007.45337,0,0
1007.45337,0,0
1007.45435,0,0
1007.45435,0,0
1007.45435,0,0
1007.45435,0,0
1007.4653,0,0
1007.4653,0,0
1007.4653,0,0
1007.4653,0,0
1007.4653,0,0
1007.4653,0,0
1007.4653,0,0
1007.4653,0,0
1007.4653,0,0
1007.4738,0,0
1007.4738,0,0
1007.4738,0,0
1007.4738,0,0
1007.48474,0,0
1007.48474,0,0
1007.48474,0,0
1007.48474,0,0
1007.4789,0,0
1007.4789,0,0
1007.4789,0,0
1007.4789,0,0
1007.4823,0,0
1007.4823,0,0
1007.4823,0,0
1007.4823,0,0
1007.4789,0,0
1007.4789,0,0
1007.4789,0,0
1007.4789,0,0
1007.4738,0,0
1007.4738,0,0
1007.4738,0,0
1007.4738,0,0
1007.4619,0,0
1007.4619,0,0
1007.4619,0,0
1007.4619,0,0
1007.4585,0,0
1007.4585,0,0
1007.4585,0,0
1007.4585,0,0
1007.4585,0,0
1007.4551,0,0
1007.4551,0,0
1007.4551,0,0
1007.4551,0,0
1007.4585,0,0
1007.4585,0,0
1007.4585,0,0
1007.4585,0,0
1007.4568,0,0
1007.4568,0,0
1007.4568,0,0
1007.4568,0,0
1007.4585,0,0
1007.4585,0,0
1007.4585,0,0
1007.4585,0,0
1007.4653,0,0
1007.4653,0,0
1007.4653,0,0
1007.4653,0,0
1007.46454,0,0
1007.46454,0,0
1007.46454,0,0
1007.46454,0,0
1007.46796,0,0
1007.46796,0,0
1007.46796,0,0
1007.46796,0,0
1007.46796,0,0
1007.4607,0,0
1007.4607,0,0
1007.4607,0,0
1007.4607,0,0
1007.4641,0,0
1007.4641,0,0
1007.4641,0,0
1007.4641,0,0
1007.4761,0,0
1007.4761,0,0
1007.4761,0,0
1007.4761,0,0
1007.47943,0,0
1007.47943,0,0
1007.47943,0,0
1007.47943,0,0
1007.47095,0,0
1007.47095,0,0
1007.47095,0,0
1007.47095,0,0
1007.47815,0,0
1007.47815,0,0
1007.47815,0,0
1007.47815,0,0
1007.4714,0,0
1007.4714,0,0
1007.4714,0,0
1007.4714,0,0
1007.4714,0,0
1007.4675,0,0
1007.4675,0,0
1007.4675,0,0
1007.4675,0,0
1007.473,0,0
1007.473,0,0
1007.473,0,0
1007.473,0,0
1007.4675,0,0
1007.4675,0,0
1007.4675,0,0
1007.4675,0,0
1007.47815,0,0
1007.47815,0,0
1007.47815,0,0
1007.47815,0,0
1007.47815,0,0
1007.47815,0,0
1007.47815,0,0
1007.47815,0,0
1007.473,0,0
1007.473,0,0
1007.473,0,0
1007.473,0,0
1007.47644,0,0
1007.47644,0,0
1007.47644,0,0
1007.47644,0,0
1007.4772,0,0
1007.4772,0,0
1007.4772,0,0
1007.4772,0,0
1007.4772,0,0
1007.47644,0,0
1007.47644,0,0
1007.47644,0,0
1007.47644,0,0
1007.473,0,0
1007.473,0,0
1007.473,0,0
1007.473,0,0
1007.4714,0,0
1007.4714,0,0
1007.4714,0,0
1007.4714,0,0
1007.46796,0,0
1007.46796,0,0
1007.46796,0,0
1007.46796,0,0
1007.4714,0,0
1007.4714,0,0
1007.4714,0,0
1007.4714,0,0
1007.4714,0,0
1007.4714,0,0
1007.4714,0,0
1007.4714,0,0
1007.4704,0,0
1007.4704,0,0
1007.4704,0,0
1007.4704,0,0
1007.4704,0,0
1007.4687,0,0
1007.4687,0,0
1007.4687,0,0
1007.4687,0,0
1007.4628,0,0
1007.4628,0,0
1007.4628,0,0
1007.4628,0,0
1007.4611,0,0
1007.4611,0,0
1007.4611,0,0
1007.4611,0,0
1007.46356,0,0
1007.46356,0,0
1007.46356,0,0
1007.46356,0,0
1007.4585,0,0
1007.4585,0,0
1007.4585,0,0
1007.4585,0,0
1007.4602,0,0
1007.4602,0,0
1007.4602,0,0
1007.4602,0,0
1007.4551,0,0
1007.4551,0,0
1007.4551,0,0
1007.4551,0,0
1007.4551,0,0
1007.45337,0,0
1007.45337,0,0
1007.45337,0,0
1007.45337,0,0
1007.4448,0,0
1007.4448,0,0
1007.4448,0,0
1007.4448,0,0
1007.449,0,0
1007.449,0,0
1007.449,0,0
1007.449,0,0
1007.4477,0,0
1007.4477,0,0
1007.4477,0,0
1007.4477,0,0
1007.4477,0,0
1007.4477,0,0
1007.4477,0,0
1007.4477,0,0
1007.4405,0,0
1007.4405,0,0
1007.4405,0,0
1007.4405,0,0
1007.4477,0,0
1007.4477,0,0
1007.4477,0,0
1007.4477,0,0
1007.4545,0,0
1007.4545,0,0
1007.4545,0,0
1007.4545,0,0
1007.4545,0,0
1007.4511,0,0
1007.4511,0,0
1007.4511,0,0
1007.4511,0,0
1007.4545,0,0
1007.4545,0,0
1007.4545,0,0
1007.4545,0,0
1007.4613,0,0
1007.4613,0,0
1007.4613,0,0
1007.4613,0,0
1007.463,0,0
1007.463,0,0
1007.463,0,0
1007.463,0,0
1007.4613,0,0
1007.4613,0,0
1007.4613,0,0
1007.4613,0,0
1007.4592,0,0
1007.4592,0,0
1007.4592,0,0
1007.4592,0,0
1007.4575,0,0
1007.4575,0,0
1007.4575,0,0
1007.4575,0,0
1007.4575,0,0
1007.4585,0,0
1007.4585,0,0
1007.4585,0,0
1007.4585,0,0
1007.4541,0,0
1007.4541,0,0
1007.4541,0,0
1007.4541,0,0
1007.4524,0,0
1007.4524,0,0
1007.4524,0,0
1007.4524,0,0
1007.4524,0,0
1007.4524,0,0
1007.4524,0,0
1007.4524,0,0
1007.4524,0,0
1007.4524,0,0
1007.4524,0,0
1007.4524,0,0
1007.4507,0,0
1007.4507,0,0
1007.4507,0,0
1007.4507,0,0
1007.46094,0,0
1007.46094,0,0
1007.46094,0,0
1007.46094,0,0
1007.46094,0,0
1007.46265,0,0
1007.46265,0,0
1007.46265,0,0
1007.46265,0,0
1007.4694,0,0
1007.4694,0,0
1007.4694,0,0
1007.4694,0,0
1007.4767,0,0
1007.4767,0,0
1007.4767,0,0
1007.4767,0,0
1007.4784,0,0
1007.4784,0,0
1007.4784,0,0
1007.4784,0,0
1007.4801,0,0
1007.4801,0,0
1007.4801,0,0
1007.4801,0,0
1007.47455,0,0
1007.47455,0,0
1007.47455,0,0
1007.47455,0,0
1007.4711,0,0
1007.4711,0,0
1007.4711,0,0
1007.4711,0,0
1007.475,0,0
1007.475,0,0
1007.475,0,0
1007.475,0,0
1007.475,0,0
1007.4767,0,0
1007.4767,0,0
1007.4767,0,0
1007.4767,0,0
1007.47284,0,0
1007.47284,0,0
1007.47284,0,0
1007.47284,0,0
1007.47455,0,0
1007.47455,0,0
1007.47455,0,0
1007.47455,0,0
1007.47284,0,0
1007.47284,0,0
1007.47284,0,0
1007.47284,0,0
1007.47284,0,0
1007.47284,0,0
1007.47284,0,0
1007.47284,0,0
1007.47284,0,0
1007.47284,0,0
1007.47284,0,0
1007.47284,0,0
1007.47626,0,0
1007.47626,0,0
1007.47626,0,0
1007.47626,0,0
1007.47626,0,0
1007.47284,0,0
1007.47284,0,0
1007.47284,0,0
1007.47284,0,0
1007.4653,0,0
1007.4653,0,0
1007.4653,0,0
1007.4653,0,0
1007.4619,0,0
1007.4619,0,0
1007.4619,0,0
1007.4619,0,0
1007.4653,0,0
1007.4653,0,0
1007.4653,0,0
1007.4653,0,0
1007.466,0,0
1007.466,0,0
1007.466,0,0
1007.466,0,0
1007.466,0,0
1007.466,0,0
1007.466,0,0
1007.466,0,0
1007.4568,0,0
1007.4568,0,0
1007.4568,0,0
1007.4568,0,0
1007.4551,0,0
1007.4551,0,0
1007.4551,0,0
1007.4551,0,0
1007.4551,0,0
1007.4492,0,0
1007.4492,0,0
1007.4492,0,0
1007.4492,0,0
1007.45166,0,0
1007.45166,0,0
1007.45166,0,0
1007.45166,0,0
1007.4585,0,0
1007.4585,0,0
1007.4585,0,0
1007.4585,0,0
1007.46094,0,0
1007.46094,0,0
1007.46094,0,0
1007.46094,0,0
1007.46094,0,0
1007.46094,0,0
1007.46094,0,0
1007.46094,0,0
1007.46094,0,0
1007.46094,0,0
1007.46094,0,0
1007.46094,0,0
1007.4619,0,0
1007.4619,0,0
1007.4619,0,0
1007.4619,0,0
1007.4619,0,0
1007.4585,0,0
1007.4585,0,0
1007.4585,0,0
1007.4585,0,0
1007.45166,0,0
1007.45166,0,0
1007.45166,0,0
1007.45166,0,0
1007.44727,0,0
1007.44727,0,0
1007.44727,0,0
1007.44727,0,0
1007.44385,0,0
1007.44385,0,0
1007.44385,0,0
1007.44385,0,0
1007.43976,0,0
1007.43976,0,0
1007.43976,0,0
1007.43976,0,0
1007.4329,0,0
1007.4329,0,0
1007.4329,0,0
1007.4329,0,0
1007.43805,0,0
1007.43805,0,0
1007.43805,0,0
1007.43805,0,0
1007.43805,0,0
1007.4422,0,0
1007.4422,0,0
1007.4422,0,0
1007.4422,0,0
1007.44727,0,0
1007.44727,0,0
1007.44727,0,0
1007.44727,0,0
1007.4507,0,0
1007.4507,0,0
1007.4507,0,0
1007.4507,0,0
1007.449,0,0
1007.449,0,0
1007.449,0,0
1007.449,0,0
1007.4507,0,0
1007.4507,0,0
1007.4507,0,0
1007.4507,0,0
1007.4568,0,0
1007.4568,0,0
1007.4568,0,0
1007.4568,0,0
1007.4619,0,0
1007.4619,0,0
1007.4619,0,0
1007.4619,0,0
1007.4619,0,0
1007.4619,0,0
1007.4619,0,0
1007.4619,0,0
1007.4619,0,0
1007.4619,0,0
1007.4619,0,0
1007.4619,0,0
1007.4619,0,0
1007.466,0,0
1007.466,0,0
1007.466,0,0
1007.466,0,0
1007.4711,0,0
1007.4711,0,0
1007.4711,0,0
1007.4711,0,0
1007.47284,0,0
1007.47284,0,0
1007.47284,0,0
1007.47284,0,0
1007.4653,0,0
1007.4653,0,0
1007.4653,0,0
1007.4653,0,0
1007.46356,0,0
1007.46356,0,0
1007.46356,0,0
1007.46356,0,0
1007.4677,0,0
1007.4677,0,0
1007.4677,0,0
1007.4677,0,0
1007.4677,0,0
1007.4677,0,0
1007.4677,0,0
1007.4677,0,0
1007.4677,0,0
1007.46643,0,0
1007.46643,0,0
1007.46643,0,0
1007.46643,0,0
1007.46265,0,0
1007.46265,0,0
1007.46265,0,0
1007.46265,0,0
1007.4575,0,0
1007.4575,0,0
1007.4575,0,0
1007.4575,0,0
1007.45166,0,0
1007.45166,0,0
1007.45166,0,0
1007.45166,0,0
1007.44653,0,0
1007.44653,0,0
1007.44653,0,0
1007.44653,0,0
1007.4448,0,0
1007.4448,0,0
1007.4448,0,0
1007.4448,0,0
1007.4448,0,0
1007.4431,0,0
1007.4431,0,0
1007.4431,0,0
1007.4431,0,0
1007.4524,0,0
1007.4524,0,0
1007.4524,0,0
1007.4524,0,0
1007.4613,0,0
1007.4613,0,0
1007.4613,0,0
1007.4613,0,0
1007.45624,0,0
1007.45624,0,0
1007.45624,0,0
1007.45624,0,0
1007.4596,0,0
1007.4596,0,0
1007.4596,0,0
1007.4596,0,0
1007.4613,0,0
1007.4613,0,0
1007.4613,0,0
1007.4613,0,0
1007.4558,0,0
1007.4558,0,0
1007.4558,0,0
1007.4558,0,0
1007.4558,0,0
1007.4507,0,0
1007.4507,0,0
1007.4507,0,0
1007.4507,0,0
1007.44556,0,0
1007.44556,0,0
1007.44556,0,0
1007.44556,0,0
1007.4431,0,0
1007.4431,0,0
1007.4431,0,0
1007.4431,0,0
1007.4414,0,0
1007.4414,0,0
1007.4414,0,0
1007.4414,0,0
1007.4414,0,0
1007.4414,0,0
1007.4414,0,0
1007.4414,0,0
1007.44824,0,0
1007.44824,0,0
1007.44824,0,0
1007.44824,0,0
1007.44995,0,0
1007.44995,0,0
1007.44995,0,0
1007.44995,0,0
1007.44653,0,0
1007.44653,0,0
1007.44653,0,0
1007.44653,0,0
1007.44653,0,0
1007.4541,0,0
1007.4541,0,0
1007.4541,0,0
1007.4541,0,0
1007.45166,0,0
1007.45166,0,0
1007.45166,0,0
1007.45166,0,0
1007.45166,0,0
1007.45166,0,0
1007.45166,0,0
1007.45166,0,0
1007.45166,0,0
1007.45166,0,0
1007.45166,0,0
1007.45166,0,0
1007.4448,0,0
1007.4448,0,0
1007.4448,0,0
1007.4448,0,0
1007.4431,0,0
1007.4431,0,0
1007.4431,0,0
1007.4431,0,0
1007.4602,0,0
1007.4602,0,0
1007.4602,0,0
1007.4602,0,0
1007.4602,0,0
1007.467,0,0
1007.467,0,0
1007.467,0,0
1007.467,0,0
1007.4687,0,0
1007.4687,0,0
1007.4687,0,0
1007.4687,0,0
1007.4704,0,0
1007.4704,0,0
1007.4704,0,0
1007.4704,0,0
1007.4711,0,0
1007.4711,0,0
1007.4711,0,0
1007.4711,0,0
1007.466,0,0
1007.466,0,0
1007.466,0,0
1007.466,0,0
1007.47284,0,0
1007.47284,0,0
1007.47284,0,0
1007.47284,0,0
1007.467,0,0
1007.467,0,0
1007.467,0,0
1007.467,0,0
1007.467,0,0
1007.4653,0,0
1007.4653,0,0
1007.4653,0,0
1007.4653,0,0
1007.467,0,0
1007.467,0,0
1007.467,0,0
1007.467,0,0
1007.466,0,0
1007.466,0,0
1007.466,0,0
1007.466,0,0
1007.466,0,0
1007.466,0,0
1007.466,0,0
1007.466,0,0
1007.467,0,0
1007.467,0,0
1007.467,0,0
1007.467,0,0
1007.4585,0,0
1007.4585,0,0
1007.4585,0,0
1007.4585,0,0
1007.4558,0,0
1007.4558,0,0
1007.4558,0,0
1007.4558,0,0
1007.44995,0,0
1007.44995,0,0
1007.44995,0,0
1007.44995,0,0
1007.44995,0,0
1007.4551,0,0
1007.4551,0,0
1007.4551,0,0
1007.4551,0,0
1007.4585,0,0
1007.4585,0,0
1007.4585,0,0
1007.4585,0,0
1007.4568,0,0
1007.4568,0,0
1007.4568,0,0
1007.4568,0,0
1007.46436,0,0
1007.46436,0,0
1007.46436,0,0
1007.46436,0,0
1007.4592,0,0
1007.4592,0,0
1007.4592,0,0
1007.4592,0,0
1007.44995,0,0
1007.44995,0,0
1007.44995,0,0
1007.44995,0,0
1007.4585,0,0
1007.4585,0,0
1007.4585,0,0
1007.4585,0,0
1007.4585,0,0
1007.4568,0,0
1007.4568,0,0
1007.4568,0,0
1007.4568,0,0
1007.44824,0,0
1007.44824,0,0
1007.44824,0,0
1007.44824,0,0
1007.44653,0,0
1007.44653,0,0
1007.44653,0,0
1007.44653,0,0
1007.44824,0,0
1007.44824,0,0
1007.44824,0,0
1007.44824,0,0
1007.449,0,0
1007.449,0,0
1007.449,0,0
1007.449,0,0
1007.4524,0,0
1007.4524,0,0
1007.4524,0,0
1007.4524,0,0
1007.46094,0,0
1007.46094,0,0
1007.46094,0,0
1007.46094,0,0
1007.46094,0,0
1007.4585,0,0
1007.4585,0,0
1007.4585,0,0
1007.4585,0,0
1007.4568,0,0
1007.4568,0,0
1007.4568,0,0
1007.4568,0,0
1007.4568,0,0
1007.4568,0,0
1007.4568,0,0
1007.4568,0,0
1007.4551,0,0
1007.4551,0,0
1007.4551,0,0
1007.4551,0,0
1007.45337,0,0
1007.45337,0,0
1007.45337,0,0
1007.45337,0,0
1007.44824,0,0
1007.44824,0,0
1007.44824,0,0
1007.44824,0,0
1007.4339,0,0
1007.4339,0,0
1007.4339,0,0
1007.4339,0,0
1007.4254,0,0
1007.4254,0,0
1007.4254,0,0
1007.4254,0,0
1007.4254,0,0
1007.42615,0,0
1007.42615,0,0
1007.42615,0,0
1007.42615,0,0
1007.4232,0,0
1007.4232,0,0
1007.4232,0,0
1007.4232,0,0
1007.4225,0,0
1007.4225,0,0
1007.4225,0,0
1007.4225,0,0
1007.43176,0,0
1007.43176,0,0
1007.43176,0,0
1007.43176,0,0
1007.4352,0,0
1007.4352,0,0
1007.4352,0,0
1007.4352,0,0
1007.4386,0,0
1007.4386,0,0
1007.4386,0,0
1007.4386,0,0
1007.4458,0,0
1007.4458,0,0
1007.4458,0,0
1007.4458,0,0
1007.4458,0,0
1007.4441,0,0
1007.4441,0,0
1007.4441,0,0
1007.4441,0,0
1007.4441,0,0
1007.4441,0,0
1007.4441,0,0
1007.4441,0,0
1007.45166,0,0
1007.45166,0,0
1007.45166,0,0
1007.45166,0,0
1007.4414,0,0
1007.4414,0,0
1007.4414,0,0
1007.4414,0,0
1007.4431,0,0
1007.4431,0,0
1007.4431,0,0
1007.4431,0,0
1007.43805,0,0
1007.43805,0,0
1007.43805,0,0
1007.43805,0,0
1007.43976,0,0
1007.43976,0,0
1007.43976,0,0
1007.43976,0,0
1007.44727,0,0
1007.44727,0,0
1007.44727,0,0
1007.44727,0,0
1007.44727,0,0
1007.4409,0,0
1007.4409,0,0
1007.4409,0,0
1007.4409,0,0
1007.4358,0,0
1007.4358,0,0
1007.4358,0,0
1007.4358,0,0
1007.43365,0,0
1007.43365,0,0
1007.43365,0,0
1007.43365,0,0
1007.4426,0,0
1007.4426,0,0
1007.4426,0,0
1007.4426,0,0
1007.4422,0,0
1007.4422,0,0
1007.4422,0,0
1007.4422,0,0
1007.44556,0,0
1007.44556,0,0
1007.44556,0,0
1007.44556,0,0
1007.4494,0,0
1007.4494,0,0
1007.4494,0,0
1007.4494,0,0
1007.4494,0,0
1007.4528,0,0
1007.4528,0,0
1007.4528,0,0
1007.4528,0,0
1007.45624,0,0
1007.45624,0,0
1007.45624,0,0
1007.45624,0,0
1007.45795,0,0
1007.45795,0,0
1007.45795,0,0
1007.45795,0,0
1007.4545,0,0
1007.4545,0,0
1007.4545,0,0
1007.4545,0,0
1007.45355,0,0
1007.45355,0,0
1007.45355,0,0
1007.45355,0,0
1007.4468,0,0
1007.4468,0,0
1007.4468,0,0
1007.4468,0,0
1007.45056,0,0
1007.45056,0,0
1007.45056,0,0
1007.45056,0,0
1007.4437,0,0
1007.4437,0,0
1007.4437,0,0
1007.4437,0,0
1007.4437,0,0
1007.4496,0,0
1007.4496,0,0
1007.4496,0,0
1007.4496,0,0
1007.44617,0,0
1007.44617,0,0
1007.44617,0,0
1007.44617,0,0
1007.44617,0,0
1007.44617,0,0
1007.44617,0,0
1007.44617,0,0
1007.44836,0,0
1007.44836,0,0
1007.44836,0,0
1007.44836,0,0
1007.44666,0,0
1007.44666,0,0
1007.44666,0,0
1007.44666,0,0
1007.44666,0,0
1007.44666,0,0
1007.44666,0,0
1007.44666,0,0
1007.4428,0,0
1007.4428,0,0
1007.4428,0,0
1007.4428,0,0
1007.4428,0,0
1007.44836,0,0
1007.44836,0,0
1007.44836,0,0
1007.44836,0,0
1007.44666,0,0
1007.44666,0,0
1007.44666,0,0
1007.44666,0,0
1007.4508,0,0
1007.4508,0,0
1007.4508,0,0
1007.4508,0,0
1007.4474,0,0
1007.4474,0,0
1007.4474,0,0
1007.4474,0,0
1007.45416,0,0
1007.45416,0,0
1007.45416,0,0
1007.45416,0,0
1007.4597,0,0
1007.4597,0,0
1007.4597,0,0
1007.4597,0,0
1007.46484,0,0
1007.46484,0,0
1007.46484,0,0
1007.46484,0,0
1007.46484,0,0
1007.46484,0,0
1007.46484,0,0
1007.46484,0,0
1007.46484,0,0
1007.4597,0,0
1007.4597,0,0
1007.4597,0,0
1007.4597,0,0
1007.46045,0,0
1007.46045,0,0
1007.46045,0,0
1007.46045,0,0
1007.4553,0,0
1007.4553,0,0
1007.4553,0,0
1007.4553,0,0
1007.4434,0,0
1007.4434,0,0
1007.4434,0,0
1007.4434,0,0
1007.44244,0,0
1007.44244,0,0
1007.44244,0,0
1007.44244,0,0
1007.439,0,0
1007.439,0,0
1007.439,0,0
1007.439,0,0
1007.448,0,0
1007.448,0,0
1007.448,0,0
1007.448,0,0
1007.448,0,0
1007.44586,0,0
1007.44586,0,0
1007.44586,0,0
1007.44586,0,0
1007.448,0,0
1007.448,0,0
1007.448,0,0
1007.448,0,0
1007.45215,0,0
1007.45215,0,0
1007.45215,0,0
1007.45215,0,0
1007.4487,0,0
1007.4487,0,0
1007.4487,0,0
1007.4487,0,0
1007.4423,0,0
1007.4423,0,0
1007.4423,0,0
1007.4423,0,0
1007.44135,0,0
1007.44135,0,0
1007.44135,0,0
1007.44135,0,0
1007.4418,0,0
1007.4418,0,0
1007.4418,0,0
1007.4418,0,0
1007.4418,0,0
1007.43835,0,0
1007.43835,0,0
1007.43835,0,0
1007.43835,0,0
1007.4408,0,0
1007.4408,0,0
1007.4408,0,0
1007.4408,0,0
1007.4395,0,0
1007.4395,0,0
1007.4395,0,0
1007.4395,0,0
1007.43176,0,0
1007.43176,0,0
1007.43176,0,0
1007.43176,0,0
1007.4376,0,0
1007.4376,0,0
1007.4376,0,0
1007.4376,0,0
1007.4405,0,0
1007.4405,0,0
1007.4405,0,0
1007.4405,0,0
1007.4358,0,0
1007.4358,0,0
1007.4358,0,0
1007.4358,0,0
1007.42554,0,0
1007.42554,0,0
1007.42554,0,0
1007.42554,0,0
1007.42554,0,0
1007.4212,0,0
1007.4212,0,0
1007.4212,0,0
1007.4212,0,0
1007.42334,0,0
1007.42334,0,0
1007.42334,0,0
1007.42334,0,0
1007.42236,0,0
1007.42236,0,0
1007.42236,0,0
1007.42236,0,0
1007.4337,0,0
1007.4337,0,0
1007.4337,0,0
1007.4337,0,0
1007.42975,0,0
1007.42975,0,0
1007.42975,0,0
1007.42975,0,0
1007.42126,0,0
1007.42126,0,0
1007.42126,0,0
1007.42126,0,0
1007.4309,0,0
1007.4309,0,0
1007.4309,0,0
1007.4309,0,0
1007.4309,0,0
1007.43677,0,0
1007.43677,0,0
1007.43677,0,0
1007.43677,0,0
1007.4355,0,0
1007.4355,0,0
1007.4355,0,0
1007.4355,0,0
1007.4332,0,0
1007.4332,0,0
1007.4332,0,0
1007.4332,0,0
1007.4335,0,0
1007.4335,0,0
1007.4335,0,0
1007.4335,0,0
1007.4325,0,0
1007.4325,0,0
1007.4325,0,0
1007.4325,0,0
1007.43286,0,0
1007.43286,0,0
1007.43286,0,0
1007.43286,0,0
1007.43024,0,0
1007.43024,0,0
1007.43024,0,0
1007.43024,0,0
1007.43024,0,0
1007.42554,0,0
1007.42554,0,0
1007.42554,0,0
1007.42554,0,0
1007.42456,0,0
1007.42456,0,0
1007.42456,0,0
1007.42456,0,0
1007.4284,0,0
1007.4284,0,0
1007.4284,0,0
1007.4284,0,0
1007.4216,0,0
1007.4216,0,0
1007.4216,0,0
1007.4216,0,0
1007.4165,0,0
1007.4165,0,0
1007.4165,0,0
1007.4165,0,0
1007.4131,0,0
1007.4131,0,0
1007.4131,0,0
1007.4131,0,0
1007.40454,0,0
1007.40454,0,0
1007.40454,0,0
1007.40454,0,0
1007.40356,0,0
1007.40356,0,0
1007.40356,0,0
1007.40356,0,0
1007.40356,0,0
1007.40643,0,0
1007.40643,0,0
1007.40643,0,0
1007.40643,0,0
1007.41614,0,0
1007.41614,0,0
1007.41614,0,0
1007.41614,0,0
1007.41516,0,0
1007.41516,0,0
1007.41516,0,0
1007.41516,0,0
1007.4241,0,0
1007.4241,0,0
1007.4241,0,0
1007.4241,0,0
1007.4258,0,0
1007.4258,0,0
1007.4258,0,0
1007.4258,0,0
1007.4258,0,0
1007.4258,0,0
1007.4258,0,0
1007.4258,0,0
1007.4237,0,0
1007.4237,0,0
1007.4237,0,0
1007.4237,0,0
1007.4237,0,0
1007.4186,0,0
1007.4186,0,0
1007.4186,0,0
1007.4186,0,0
1007.41516,0,0
1007.41516,0,0
1007.41516,0,0
1007.41516,0,0
1007.4275,0,0
1007.4275,0,0
1007.4275,0,0
1007.4275,0,0
1007.4326,0,0
1007.4326,0,0
1007.4326,0,0
1007.4326,0,0
1007.43506,0,0
1007.43506,0,0
1007.43506,0,0
1007.43506,0,0
1007.4396,0,0
1007.4396,0,0
1007.4396,0,0
1007.4396,0,0
1007.4345,0,0
1007.4345,0,0
1007.4345,0,0
1007.4345,0,0
1007.4345,0,0
1007.4362,0,0
1007.4362,0,0
1007.4362,0,0
1007.4362,0,0
1007.4434,0,0
1007.4434,0,0
1007.4434,0,0
1007.4434,0,0
1007.4527,0,0
1007.4527,0,0
1007.4527,0,0
1007.4527,0,0
1007.4537,0,0
1007.4537,0,0
1007.4537,0,0
1007.4537,0,0
1007.45197,0,0
1007.45197,0,0
1007.45197,0,0
1007.45197,0,0
1007.4595,0,0
1007.4595,0,0
1007.4595,0,0
1007.4595,0,0
1007.4612,0,0
1007.4612,0,0
1007.4612,0,0
1007.4612,0,0
1007.4612,0,0
1007.4612,0,0
1007.4612,0,0
1007.4612,0,0
1007.4612,0,0
1007.4595,0,0
1007.4595,0,0
1007.4595,0,0
1007.4595,0,0
1007.45026,0,0
1007.45026,0,0
1007.45026,0,0
1007.45026,0,0
1007.4537,0,0
1007.4537,0,0
1007.4537,0,0
1007.4537,0,0
1007.4646,0,0
1007.4646,0,0
1007.4646,0,0
1007.4646,0,0
1007.479,0,0
1007.479,0,0
1007.479,0,0
1007.479,0,0
1007.4773,0,0
1007.4773,0,0
1007.4773,0,0
1007.4773,0,0
1007.4794,0,0
1007.4794,0,0
1007.4794,0,0
1007.4794,0,0
1007.4794,0,0
1007.46704,0,0
1007.46704,0,0
1007.46704,0,0
1007.46704,0,0
1007.4619,0,0
1007.4619,0,0
1007.4619,0,0
1007.4619,0,0
1007.46576,0,0
1007.46576,0,0
1007.46576,0,0
1007.46576,0,0
1007.4692,0,0
1007.4692,0,0
1007.4692,0,0
1007.4692,0,0
1007.46747,0,0
1007.46747,0,0
1007.46747,0,0
1007.46747,0,0
1007.46405,0,0
1007.46405,0,0
1007.46405,0,0
1007.46405,0,0
1007.45856,0,0
1007.45856,0,0
1007.45856,0,0
1007.45856,0,0
1007.45514,0,0
1007.45514,0,0
1007.45514,0,0
1007.45514,0,0
1007.45514,0,0
1007.4561,0,0
1007.4561,0,0
1007.4561,0,0
1007.4561,0,0
1007.4629,0,0
1007.4629,0,0
1007.4629,0,0
1007.4629,0,0
1007.4824,0,0
1007.4824,0,0
1007.4824,0,0
1007.4824,0,0
1007.47656,0,0
1007.47656,0,0
1007.47656,0,0
1007.47656,0,0
1007.4629,0,0
1007.4629,0,0
1007.4629,0,0
1007.4629,0,0
1007.4636,0,0
1007.4636,0,0
1007.4636,0,0
1007.4636,0,0
1007.4612,0,0
1007.4612,0,0
1007.4612,0,0
1007.4612,0,0
1007.4612,0,0
1007.47217,0,0
1007.47217,0,0
1007.47217,0,0
1007.47217,0,0
1007.47046,0,0
1007.47046,0,0
1007.47046,0,0
1007.47046,0,0
1007.4517,0,0
1007.4517,0,0
1007.4517,0,0
1007.4517,0,0
1007.4663,0,0
1007.4663,0,0
1007.4663,0,0
1007.4663,0,0
1007.4773,0,0
1007.4773,0,0
1007.4773,0,0
1007.4773,0,0
1007.33856,0,0
1007.33856,0,0
1007.33856,0,0
1007.33856,0,0
1007.267,0,0
1007.267,0,0
1007.267,0,0
1007.267,0,0
1007.267,0,0
1007.267,0,0
1007.267,0,0
1007.267,0,0
1007.267,0,0
1007.3154,0,0
1007.3154,0,0
1007.3154,0,0
1007.3154,0,0
1007.22345,0,0
1007.22345,0,0
1007.22345,0,0
1007.22345,0,0
1007.3989,0,0
1007.3989,0,0
1007.3989,0,0
1007.3989,0,0
1007.8691,0,0
1007.8691,0,0
1007.8691,0,0
1007.8691,0,0
1008.0377,0,0
1008.0377,0,0
1008.0377,0,0
1008.0377,0,0
1007.5846,0,0
1007.5846,0,0
1007.5846,0,0
1007.5846,0,0
1007.3437,0,0
1007.3437,0,0
1007.3437,0,0
1007.3437,0,0
1007.3437,0,0
1007.233,0,0
1007.233,0,0
1007.233,0,0
1007.233,0,0
1007.20984,0,0
1007.20984,0,0
1007.20984,0,0
1007.20984,0,0
1007.2091,0,0
1007.2091,0,0
1007.2091,0,0
1007.2091,0,0
1007.22156,0,0
1007.22156,0,0
1007.22156,0,0
1007.22156,0,0
1007.2653,0,0
1007.2653,0,0
1007.2653,0,0
1007.2653,0,0
1007.2909,0,0
1007.2909,0,0
1007.2909,0,0
1007.2909,0,0
1007.32495,0,0
1007.32495,0,0
1007.32495,0,0
1007.32495,0,0
1007.32495,0,0
1007.3556,0,0
1007.3556,0,0
1007.3556,0,0
1007.3556,0,0
1007.3736,0,0
1007.3736,0,0
1007.3736,0,0
1007.3736,0,0
