1007.4319,0,0
1007.4319,0,0
1007.4319,0,0
1007.4319,0,0
1007.4485,0,0
1007.4485,0,0
1007.4485,0,0
1007.4485,0,0
1007.4094,0,0
1007.4697,0,0
1007.4697,0,0
1007.4697,0,0
1007.4697,0,0
1007.49243,0,0
1007.49243,0,0
1007.49243,0,0
1007.49243,0,0
1007.51373,0,0
1007.51373,0,0
1007.51373,0,0
1007.51373,0,0
1007.51807,0,0
1007.51807,0,0
1007.51807,0,0
1007.51807,0,0
1007.52496,0,0
1007.52496,0,0
1007.52496,0,0
1007.52496,0,0
1007.5239,0,0
1007.5239,0,0
1007.5239,0,0
1007.5239,0,0
1007.51953,0,0
1007.51953,0,0
1007.51953,0,0
1007.51953,0,0
1007.50836,0,0
1007.50836,0,0
1007.50836,0,0
1007.50836,0,0
1007.50836,0,0
1007.5125,0,0
1007.5125,0,0
1007.5125,0,0
1007.5125,0,0
1007.648,0,0
1007.648,0,0
1007.648,0,0
1007.648,0,0
1007.7274,0,0
1007.7274,0,0
1007.7274,0,0
1007.7274,0,0
1007.8485,0,0
1007.8485,0,0
1007.8485,0,0
1007.8485,0,0
1007.9122,0,0
1007.9122,0,0
1007.9122,0,0
1007.9122,0,0
1008.0911,0,0
1008.0911,0,0
1008.0911,0,0
1008.0911,0,0
1008.2563,0,0
1008.2563,0,0
1008.2563,0,0
1008.2563,0,0
1008.2563,0,0
1008.1295,0,0
1008.1295,0,0
1008.1295,0,0
1008.1295,0,0
1008.0347,0,0
1008.0347,0,0
1008.0347,0,0
1008.0347,0,0
1007.9203,0,0
1007.9203,0,0
1007.9203,0,0
1007.9203,0,0
1007.83777,0,0
1007.83777,0,0
1007.83777,0,0
1007.83777,0,0
1007.709,0,0
1007.709,0,0
1007.709,0,0
1007.709,0,0
1007.6954,0,0
1007.6954,0,0
1007.6954,0,0
1007.6954,0,0
1007.6502,0,0
1007.6502,0,0
1007.6502,0,0
1007.6502,0,0
1007.6502,0,0
1007.7768,0,0
1007.7768,0,0
1007.7768,0,0
1007.7768,0,0
1007.90643,0,0
1007.90643,0,0
1007.90643,0,0
1007.90643,0,0
1007.94556,0,0
1007.94556,0,0
1007.94556,0,0
1007.94556,0,0
1007.6674,0,0
1007.6674,0,0
1007.6674,0,0
1007.6674,0,0
1007.67126,0,0
1007.67126,0,0
1007.67126,0,0
1007.67126,0,0
1007.6074,0,0
1007.6074,0,0
1007.6074,0,0
1007.6074,0,0
1007.4709,0,0
1007.4709,0,0
1007.4709,0,0
1007.4709,0,0
1007.354,0,0
1007.354,0,0
1007.354,0,0
1007.354,0,0
1007.354,0,0
1007.41595,0,0
1007.41595,0,0
1007.41595,0,0
1007.41595,0,0
1007.517,0,0
1007.517,0,0
1007.517,0,0
1007.517,0,0
1007.76056,0,0
1007.76056,0,0
1007.76056,0,0
1007.76056,0,0
1007.81573,0,0
1007.81573,0,0
1007.81573,0,0
1007.81573,0,0
1007.83105,0,0
1007.83105,0,0
1007.83105,0,0
1007.83105,0,0
1008.0185,0,0
1008.0185,0,0
1008.0185,0,0
1008.0185,0,0
1008.0933,0,0
1008.0933,0,0
1008.0933,0,0
1008.0933,0,0
1008.0933,0,0
1008.0316,0,0
1008.0316,0,0
1008.0316,0,0
1008.0316,0,0
1007.7816,0,0
1007.7816,0,0
1007.7816,0,0
1007.7816,0,0
1007.67017,0,0
1007.67017,0,0
1007.67017,0,0
1007.67017,0,0
1007.6039,0,0
1007.6039,0,0
1007.6039,0,0
1007.6039,0,0
1007.8253,0,0
1007.8253,0,0
1007.8253,0,0
1007.8253,0,0
1007.4911,0,0
1007.4911,0,0
1007.4911,0,0
1007.4911,0,0
1007.4401,0,0
1007.4401,0,0
1007.4401,0,0
1007.4401,0,0
1007.4333,0,0
1007.4333,0,0
1007.4333,0,0
1007.4333,0,0
1007.4333,0,0
1007.35754,0,0
1007.35754,0,0
1007.35754,0,0
1007.35754,0,0
1007.3019,0,0
1007.3019,0,0
1007.3019,0,0
1007.3019,0,0
1007.32983,0,0
1007.32983,0,0
1007.32983,0,0
1007.32983,0,0
1007.50836,0,0
1007.50836,0,0
1007.50836,0,0
1007.50836,0,0
1007.5492,0,0
1007.5492,0,0
1007.5492,0,0
1007.5492,0,0
1007.7243,0,0
1007.7243,0,0
1007.7243,0,0
1007.7243,0,0
1007.5292,0,0
1007.5292,0,0
1007.5292,0,0
1007.5292,0,0
1007.5292,0,0
1007.4952,0,0
1007.4952,0,0
1007.4952,0,0
1007.4952,0,0
1007.4969,0,0
1007.4969,0,0
1007.4969,0,0
1007.4969,0,0
1007.4602,0,0
1007.4602,0,0
1007.4602,0,0
1007.4602,0,0
1007.3021,0,0
1007.3021,0,0
1007.3021,0,0
1007.3021,0,0
1007.3212,0,0
1007.3212,0,0
1007.3212,0,0
1007.3212,0,0
1007.5158,0,0
1007.5158,0,0
1007.5158,0,0
1007.5158,0,0
1007.55835,0,0
1007.55835,0,0
1007.55835,0,0
1007.55835,0,0
1007.55835,0,0
1007.6909,0,0
1007.6909,0,0
1007.6909,0,0
1007.6909,0,0
1007.5243,0,0
1007.5243,0,0
1007.5243,0,0
1007.5243,0,0
1007.4397,0,0
1007.4397,0,0
1007.4397,0,0
1007.4397,0,0
1007.4779,0,0
1007.4779,0,0
1007.4779,0,0
1007.4779,0,0
1007.4541,0,0
1007.4541,0,0
1007.4541,0,0
1007.4541,0,0
1007.431,0,0
1007.431,0,0
1007.431,0,0
1007.431,0,0
1007.5289,0,0
1007.5289,0,0
1007.5289,0,0
1007.5289,0,0
1007.5289,0,0
1007.6606,0,0
1007.6606,0,0
1007.6606,0,0
1007.6606,0,0
1007.67633,0,0
1007.67633,0,0
1007.67633,0,0
1007.67633,0,0
1007.627,0,0
1007.627,0,0
1007.627,0,0
1007.627,0,0
1007.8556,0,0
1007.8556,0,0
1007.8556,0,0
1007.8556,0,0
1007.80334,0,0
1007.80334,0,0
1007.80334,0,0
1007.80334,0,0
1007.66046,0,0
1007.66046,0,0
1007.66046,0,0
1007.66046,0,0
1007.6163,0,0
1007.6163,0,0
1007.6163,0,0
1007.6163,0,0
1007.4878,0,0
1007.4878,0,0
1007.4878,0,0
1007.4878,0,0
1007.4878,0,0
1007.4147,0,0
1007.4147,0,0
1007.4147,0,0
1007.4147,0,0
1007.5116,0,0
1007.5116,0,0
1007.5116,0,0
1007.5116,0,0
1007.5779,0,0
1007.5779,0,0
1007.5779,0,0
1007.5779,0,0
1007.7059,0,0
1007.7059,0,0
1007.7059,0,0
1007.7059,0,0
1007.8035,0,0
1007.8035,0,0
1007.8035,0,0
1007.8035,0,0
1008.0392,0,0
1008.0392,0,0
1008.0392,0,0
1008.0392,0,0
1007.7212,0,0
1007.7212,0,0
1007.7212,0,0
1007.7212,0,0
1007.7212,0,0
1007.6157,0,0
1007.6157,0,0
1007.6157,0,0
1007.6157,0,0
1007.642,0,0
1007.642,0,0
1007.642,0,0
1007.642,0,0
1007.5621,0,0
1007.5621,0,0
1007.5621,0,0
1007.5621,0,0
1007.39246,0,0
1007.39246,0,0
1007.39246,0,0
1007.39246,0,0
1007.39246,0,0
1007.39246,0,0
1007.39246,0,0
1007.39246,0,0
1007.51227,0,0
1007.51227,0,0
1007.51227,0,0
1007.51227,0,0
1007.7112,0,0
1007.7112,0,0
1007.7112,0,0
1007.7112,0,0
1007.7112,0,0
1007.9553,0,0
1007.9553,0,0
1007.9553,0,0
1007.9553,0,0
1007.58875,0,0
1007.58875,0,0
1007.58875,0,0
1007.58875,0,0
1007.50037,0,0
1007.50037,0,0
1007.50037,0,0
1007.50037,0,0
1007.5642,0,0
1007.5642,0,0
1007.5642,0,0
1007.5642,0,0
1007.51904,0,0
1007.51904,0,0
1007.51904,0,0
1007.51904,0,0
1007.45276,0,0
1007.45276,0,0
1007.45276,0,0
1007.45276,0,0
1007.3966,0,0
1007.3966,0,0
1007.3966,0,0
1007.3966,0,0
1007.5351,0,0
1007.5351,0,0
1007.5351,0,0
1007.5351,0,0
1007.5351,0,0
1007.6512,0,0
1007.6512,0,0
1007.6512,0,0
1007.6512,0,0
1007.8229,0,0
1007.8229,0,0
1007.8229,0,0
1007.8229,0,0
1007.60864,0,0
1007.60864,0,0
1007.60864,0,0
1007.60864,0,0
1007.4896,0,0
1007.4896,0,0
1007.4896,0,0
1007.4896,0,0
1007.52875,0,0
1007.52875,0,0
1007.52875,0,0
1007.52875,0,0
1007.46655,0,0
1007.46655,0,0
1007.46655,0,0
1007.46655,0,0
1007.40704,0,0
1007.40704,0,0
1007.40704,0,0
1007.40704,0,0
1007.40704,0,0
1007.4258,0,0
1007.4258,0,0
1007.4258,0,0
1007.4258,0,0
1007.4284,0,0
1007.4284,0,0
1007.4284,0,0
1007.4284,0,0
1007.63153,0,0
1007.63153,0,0
1007.63153,0,0
1007.63153,0,0
1007.71655,0,0
1007.71655,0,0
1007.71655,0,0
1007.71655,0,0
1007.7527,0,0
1007.7527,0,0
1007.7527,0,0
1007.7527,0,0
1007.6043,0,0
1007.6043,0,0
1007.6043,0,0
1007.6043,0,0
1007.47845,0,0
1007.47845,0,0
1007.47845,0,0
1007.47845,0,0
1007.47845,0,0
1007.3922,0,0
1007.3922,0,0
1007.3922,0,0
1007.3922,0,0
1007.32074,0,0
1007.32074,0,0
1007.32074,0,0
1007.32074,0,0
1007.2977,0,0
1007.2977,0,0
1007.2977,0,0
1007.2977,0,0
1007.49664,0,0
1007.49664,0,0
1007.49664,0,0
1007.49664,0,0
1007.58167,0,0
1007.58167,0,0
1007.58167,0,0
1007.58167,0,0
1007.7844,0,0
1007.7844,0,0
1007.7844,0,0
1007.7844,0,0
1007.8168,0,0
1007.8168,0,0
1007.8168,0,0
1007.8168,0,0
1007.85077,0,0
1007.85077,0,0
1007.85077,0,0
1007.85077,0,0
1007.85077,0,0
1007.81635,0,0
1007.81635,0,0
1007.81635,0,0
1007.81635,0,0
1007.5294,0,0
1007.5294,0,0
1007.5294,0,0
1007.5294,0,0
1007.67224,0,0
1007.67224,0,0
1007.67224,0,0
1007.67224,0,0
1007.67053,0,0
1007.67053,0,0
1007.67053,0,0
1007.67053,0,0
1007.57874,0,0
1007.57874,0,0
1007.57874,0,0
1007.57874,0,0
1007.50726,0,0
1007.50726,0,0
1007.50726,0,0
1007.50726,0,0
1007.509,0,0
1007.509,0,0
1007.509,0,0
1007.509,0,0
1007.509,0,0
1007.57947,0,0
1007.57947,0,0
1007.57947,0,0
1007.57947,0,0
1007.6968,0,0
1007.6968,0,0
1007.6968,0,0
1007.6968,0,0
1007.7886,0,0
1007.7886,0,0
1007.7886,0,0
1007.7886,0,0
1007.9999,0,0
1007.9999,0,0
1007.9999,0,0
1007.9999,0,0
1007.75165,0,0
1007.75165,0,0
1007.75165,0,0
1007.75165,0,0
1007.6305,0,0
1007.6305,0,0
1007.6305,0,0
1007.6305,0,0
1007.6509,0,0
1007.6509,0,0
1007.6509,0,0
1007.6509,0,0
1007.6509,0,0
1007.6003,0,0
1007.6003,0,0
1007.6003,0,0
1007.6003,0,0
1007.5527,0,0
1007.5527,0,0
1007.5527,0,0
1007.5527,0,0
1007.6292,0,0
1007.6292,0,0
1007.6292,0,0
1007.6292,0,0
1007.5591,0,0
1007.5591,0,0
1007.5591,0,0
1007.5591,0,0
1007.6887,0,0
1007.6887,0,0
1007.6887,0,0
1007.6887,0,0
1007.6037,0,0
1007.6037,0,0
1007.6037,0,0
1007.6037,0,0
1007.6725,0,0
1007.6725,0,0
1007.6725,0,0
1007.6725,0,0
1007.6725,0,0
1007.46497,0,0
1007.46497,0,0
1007.46497,0,0
1007.46497,0,0
1007.40643,0,0
1007.40643,0,0
1007.40643,0,0
1007.40643,0,0
1007.39624,0,0
1007.39624,0,0
1007.39624,0,0
1007.39624,0,0
1007.3316,0,0
1007.3316,0,0
1007.3316,0,0
1007.3316,0,0
1007.27966,0,0
1007.27966,0,0
1007.27966,0,0
1007.27966,0,0
1007.2116,0,0
1007.2116,0,0
1007.2116,0,0
1007.2116,0,0
1007.35785,0,0
1007.35785,0,0
1007.35785,0,0
1007.35785,0,0
1007.60876,0,0
1007.60876,0,0
1007.60876,0,0
1007.60876,0,0
1007.60876,0,0
1007.7125,0,0
1007.7125,0,0
1007.7125,0,0
1007.7125,0,0
1007.7227,0,0
1007.7227,0,0
1007.7227,0,0
1007.7227,0,0
1007.6477,0,0
1007.6477,0,0
1007.6477,0,0
1007.6477,0,0
1007.56946,0,0
1007.56946,0,0
1007.56946,0,0
1007.56946,0,0
1007.45764,0,0
1007.45764,0,0
1007.45764,0,0
1007.45764,0,0
1007.3925,0,0
1007.3925,0,0
1007.3925,0,0
1007.3925,0,0
1007.3075,0,0
1007.3075,0,0
1007.3075,0,0
1007.3075,0,0
1007.3075,0,0
1007.2803,0,0
1007.2803,0,0
1007.2803,0,0
1007.2803,0,0
1007.3899,0,0
1007.3899,0,0
1007.3899,0,0
1007.3899,0,0
1007.51105,0,0
1007.51105,0,0
1007.51105,0,0
1007.51105,0,0
1007.692,0,0
1007.692,0,0
1007.692,0,0
1007.692,0,0
1007.7741,0,0
1007.7741,0,0
1007.7741,0,0
1007.7741,0,0
1007.9833,0,0
1007.9833,0,0
1007.9833,0,0
1007.9833,0,0
1007.6541,0,0
1007.6541,0,0
1007.6541,0,0
1007.6541,0,0
1007.6541,0,0
1007.5239,0,0
1007.5239,0,0
1007.5239,0,0
1007.5239,0,0
1007.57025,0,0
1007.57025,0,0
1007.57025,0,0
1007.57025,0,0
1007.503,0,0
1007.503,0,0
1007.503,0,0
1007.503,0,0
1007.347,0,0
1007.347,0,0
1007.347,0,0
1007.347,0,0
1007.3566,0,0
1007.3566,0,0
1007.3566,0,0
1007.3566,0,0
1007.5427,0,0
1007.5427,0,0
1007.5427,0,0
1007.5427,0,0
1007.59326,0,0
1007.59326,0,0
1007.59326,0,0
1007.59326,0,0
1007.8083,0,0
1007.8083,0,0
1007.8083,0,0
1007.8083,0,0
1007.8083,0,0
1007.4397,0,0
1007.4397,0,0
1007.4397,0,0
1007.4397,0,0
1007.3435,0,0
1007.3435,0,0
1007.3435,0,0
1007.3435,0,0
1007.41364,0,0
1007.41364,0,0
1007.41364,0,0
1007.41364,0,0
1007.411,0,0
1007.411,0,0
1007.411,0,0
1007.411,0,0
1007.3577,0,0
1007.3577,0,0
1007.3577,0,0
1007.3577,0,0
1007.40314,0,0
1007.40314,0,0
1007.40314,0,0
1007.40314,0,0
1007.45416,0,0
1007.45416,0,0
1007.45416,0,0
1007.45416,0,0
1007.45416,0,0
1007.7019,0,0
1007.7019,0,0
1007.7019,0,0
1007.7019,0,0
1007.8047,0,0
1007.8047,0,0
1007.8047,0,0
1007.8047,0,0
1007.8722,0,0
1007.8722,0,0
1007.8722,0,0
1007.8722,0,0
1007.59375,0,0
1007.59375,0,0
1007.59375,0,0
1007.59375,0,0
1007.56726,0,0
1007.56726,0,0
1007.56726,0,0
1007.56726,0,0
1007.5869,0,0
1007.5869,0,0
1007.5869,0,0
1007.5869,0,0
1007.5303,0,0
1007.5303,0,0
1007.5303,0,0
1007.5303,0,0
1007.5303,0,0
1007.4504,0,0
1007.4504,0,0
1007.4504,0,0
1007.4504,0,0
1007.412,0,0
1007.412,0,0
1007.412,0,0
1007.412,0,0
1007.47394,0,0
1007.47394,0,0
1007.47394,0,0
1007.47394,0,0
1007.6479,0,0
1007.6479,0,0
1007.6479,0,0
1007.6479,0,0
1007.68823,0,0
1007.68823,0,0
1007.68823,0,0
1007.68823,0,0
1007.7465,0,0
1007.7465,0,0
1007.7465,0,0
1007.7465,0,0
1007.5023,0,0
1007.5023,0,0
1007.5023,0,0
1007.5023,0,0
1007.3867,0,0
1007.3867,0,0
1007.3867,0,0
1007.3867,0,0
1007.3867,0,0
1007.3544,0,0
1007.3544,0,0
1007.3544,0,0
1007.3544,0,0
1007.3102,0,0
1007.3102,0,0
1007.3102,0,0
1007.3102,0,0
1007.3157,0,0
1007.3157,0,0
1007.3157,0,0
1007.3157,0,0
1007.39734,0,0
1007.39734,0,0
1007.39734,0,0
1007.39734,0,0
1007.513,0,0
1007.513,0,0
1007.513,0,0
1007.513,0,0
1007.71783,0,0
1007.71783,0,0
1007.71783,0,0
1007.71783,0,0
1007.8981,0,0
1007.8981,0,0
1007.8981,0,0
1007.8981,0,0
1007.8981,0,0
1007.7999,0,0
1007.7999,0,0
1007.7999,0,0
1007.7999,0,0
1007.5448,0,0
1007.5448,0,0
1007.5448,0,0
1007.5448,0,0
1007.4852,0,0
1007.4852,0,0
1007.4852,0,0
1007.4852,0,0
1007.4223,0,0
1007.4223,0,0
1007.4223,0,0
1007.4223,0,0
1007.3645,0,0
1007.3645,0,0
1007.3645,0,0
1007.3645,0,0
1007.41455,0,0
1007.41455,0,0
1007.41455,0,0
1007.41455,0,0
1007.5312,0,0
1007.5312,0,0
1007.5312,0,0
1007.5312,0,0
1007.5312,0,0
1007.7472,0,0
1007.7472,0,0
1007.7472,0,0
1007.7472,0,0
1007.9112,0,0
1007.9112,0,0
1007.9112,0,0
1007.9112,0,0
1007.995,0,0
1007.995,0,0
1007.995,0,0
1007.995,0,0
1007.65137,0,0
1007.65137,0,0
1007.65137,0,0
1007.65137,0,0
1007.5761,0,0
1007.5761,0,0
1007.5761,0,0
1007.5761,0,0
1007.51074,0,0
1007.51074,0,0
1007.51074,0,0
1007.51074,0,0
1007.46387,0,0
1007.46387,0,0
1007.46387,0,0
1007.46387,0,0
1007.4818,0,0
1007.4818,0,0
1007.4818,0,0
1007.4818,0,0
1007.4818,0,0
1007.5312,0,0
1007.5312,0,0
1007.5312,0,0
1007.5312,0,0
1007.75305,0,0
1007.75305,0,0
1007.75305,0,0
1007.75305,0,0
1007.8373,0,0
1007.8373,0,0
1007.8373,0,0
1007.8373,0,0
1007.89,0,0
1007.89,0,0
1007.89,0,0
1007.89,0,0
1007.58685,0,0
1007.58685,0,0
1007.58685,0,0
1007.58685,0,0
1007.5056,0,0
1007.5056,0,0
1007.5056,0,0
1007.5056,0,0
1007.458,0,0
1007.458,0,0
1007.458,0,0
1007.458,0,0
1007.458,0,0
1007.3873,0,0
1007.3873,0,0
1007.3873,0,0
1007.3873,0,0
1007.3244,0,0
1007.3244,0,0
1007.3244,0,0
1007.3244,0,0
1007.36694,0,0
1007.36694,0,0
1007.36694,0,0
1007.36694,0,0
1007.49207,0,0
1007.49207,0,0
1007.49207,0,0
1007.49207,0,0
1007.71387,0,0
1007.71387,0,0
1007.71387,0,0
1007.71387,0,0
1007.74963,0,0
1007.74963,0,0
1007.74963,0,0
1007.74963,0,0
1007.82104,0,0
1007.82104,0,0
1007.82104,0,0
1007.82104,0,0
1007.82104,0,0
1007.65607,0,0
1007.65607,0,0
1007.65607,0,0
1007.65607,0,0
1007.60504,0,0
1007.60504,0,0
1007.60504,0,0
1007.60504,0,0
1007.4779,0,0
1007.4779,0,0
1007.4779,0,0
1007.4779,0,0
1007.3589,0,0
1007.3589,0,0
1007.3589,0,0
1007.3589,0,0
1007.3231,0,0
1007.3231,0,0
1007.3231,0,0
1007.3231,0,0
1007.2959,0,0
1007.2959,0,0
1007.2959,0,0
1007.2959,0,0
1007.3929,0,0
1007.3929,0,0
1007.3929,0,0
1007.3929,0,0
1007.3929,0,0
1007.5348,0,0
1007.5348,0,0
1007.5348,0,0
1007.5348,0,0
1007.7627,0,0
1007.7627,0,0
1007.7627,0,0
1007.7627,0,0
1007.91406,0,0
1007.91406,0,0
1007.91406,0,0
1007.91406,0,0
1007.9264,0,0
1007.9264,0,0
1007.9264,0,0
1007.9264,0,0
1007.71625,0,0
1007.71625,0,0
1007.71625,0,0
1007.71625,0,0
1007.6006,0,0
1007.6006,0,0
1007.6006,0,0
1007.6006,0,0
1007.5454,0,0
1007.5454,0,0
1007.5454,0,0
1007.5454,0,0
1007.4621,0,0
1007.4621,0,0
1007.4621,0,0
1007.4621,0,0
1007.4621,0,0
1007.55347,0,0
1007.55347,0,0
1007.55347,0,0
1007.55347,0,0
1007.60834,0,0
1007.60834,0,0
1007.60834,0,0
1007.60834,0,0
1007.7495,0,0
1007.7495,0,0
1007.7495,0,0
1007.7495,0,0
1007.7707,0,0
1007.7707,0,0
1007.7707,0,0
1007.7707,0,0
1007.92883,0,0
1007.92883,0,0
1007.92883,0,0
1007.92883,0,0
1007.5513,0,0
1007.5513,0,0
1007.5513,0,0
1007.5513,0,0
1007.38367,0,0
1007.38367,0,0
1007.38367,0,0
1007.38367,0,0
1007.38367,0,0
1007.39386,0,0
1007.39386,0,0
1007.39386,0,0
1007.39386,0,0
1007.37854,0,0
1007.37854,0,0
1007.37854,0,0
1007.37854,0,0
1007.35645,0,0
1007.35645,0,0
1007.35645,0,0
1007.35645,0,0
1007.4653,0,0
1007.4653,0,0
1007.4653,0,0
1007.4653,0,0
1007.5129,0,0
1007.5129,0,0
1007.5129,0,0
1007.5129,0,0
1007.6949,0,0
1007.6949,0,0
1007.6949,0,0
1007.6949,0,0
1007.76337,0,0
1007.76337,0,0
1007.76337,0,0
1007.76337,0,0
1007.76337,0,0
1007.93854,0,0
1007.93854,0,0
1007.93854,0,0
1007.93854,0,0
1007.5609,0,0
1007.5609,0,0
1007.5609,0,0
1007.5609,0,0
1007.3943,0,0
1007.3943,0,0
1007.3943,0,0
1007.3943,0,0
1007.3807,0,0
1007.3807,0,0
1007.3807,0,0
1007.3807,0,0
1007.32794,0,0
1007.32794,0,0
1007.32794,0,0
1007.32794,0,0
1007.302,0,0
1007.302,0,0
1007.302,0,0
1007.302,0,0
1007.3916,0,0
1007.3916,0,0
1007.3916,0,0
1007.3916,0,0
1007.463,0,0
1007.463,0,0
1007.463,0,0
1007.463,0,0
1007.463,0,0
1007.6494,0,0
1007.6494,0,0
1007.6494,0,0
1007.6494,0,0
1007.74976,0,0
1007.74976,0,0
1007.74976,0,0
1007.74976,0,0
1007.9087,0,0
1007.9087,0,0
1007.9087,0,0
1007.9087,0,0
1007.6647,0,0
1007.6647,0,0
1007.6647,0,0
1007.6647,0,0
1007.4164,0,0
1007.4164,0,0
1007.4164,0,0
1007.4164,0,0
1007.3848,0,0
1007.3848,0,0
1007.3848,0,0
1007.3848,0,0
1007.3644,0,0
1007.3644,0,0
1007.3644,0,0
1007.3644,0,0
1007.3644,0,0
1007.3512,0,0
1007.3512,0,0
1007.3512,0,0
1007.3512,0,0
1007.46686,0,0
1007.46686,0,0
1007.46686,0,0
1007.46686,0,0
1007.55194,0,0
1007.55194,0,0
1007.55194,0,0
1007.55194,0,0
1007.705,0,0
1007.705,0,0
1007.705,0,0
1007.705,0,0
1007.8611,0,0
1007.8611,0,0
1007.8611,0,0
1007.8611,0,0
1008.0083,0,0
1008.0083,0,0
1008.0083,0,0
1008.0083,0,0
1007.8611,0,0
1007.8611,0,0
1007.8611,0,0
1007.8611,0,0
1007.8611,0,0
1007.49536,0,0
1007.49536,0,0
1007.49536,0,0
1007.49536,0,0
1007.3848,0,0
1007.3848,0,0
1007.3848,0,0
1007.3848,0,0
1007.40015,0,0
1007.40015,0,0
1007.40015,0,0
1007.40015,0,0
1007.38525,0,0
1007.38525,0,0
1007.38525,0,0
1007.38525,0,0
1007.3627,0,0
1007.3627,0,0
1007.3627,0,0
1007.3627,0,0
1007.463,0,0
1007.463,0,0
1007.463,0,0
1007.463,0,0
1007.4861,0,0
1007.4861,0,0
1007.4861,0,0
1007.4861,0,0
1007.7505,0,0
1007.7505,0,0
1007.7505,0,0
1007.7505,0,0
1007.7505,0,0
1007.91547,0,0
1007.91547,0,0
1007.91547,0,0
1007.91547,0,0
1007.98956,0,0
1007.98956,0,0
1007.98956,0,0
1007.98956,0,0
1007.68414,0,0
1007.68414,0,0
1007.68414,0,0
1007.68414,0,0
1007.48004,0,0
1007.48004,0,0
1007.48004,0,0
1007.48004,0,0
1007.38745,0,0
1007.38745,0,0
1007.38745,0,0
1007.38745,0,0
1007.3092,0,0
1007.3092,0,0
1007.3092,0,0
1007.3092,0,0
1007.2446,0,0
1007.2446,0,0
1007.2446,0,0
1007.2446,0,0
1007.2446,0,0
1007.2259,0,0
1007.2259,0,0
1007.2259,0,0
1007.2259,0,0
1007.31946,0,0
1007.31946,0,0
1007.31946,0,0
1007.31946,0,0
1007.5116,0,0
1007.5116,0,0
1007.5116,0,0
1007.5116,0,0
1007.6698,0,0
1007.6698,0,0
1007.6698,0,0
1007.6698,0,0
1007.74976,0,0
1007.74976,0,0
1007.74976,0,0
1007.74976,0,0
1007.7157,0,0
1007.7157,0,0
1007.7157,0,0
1007.7157,0,0
1007.5515,0,0
1007.5515,0,0
1007.5515,0,0
1007.5515,0,0
1007.5515,0,0
1007.48346,0,0
1007.48346,0,0
1007.48346,0,0
1007.48346,0,0
1007.42566,0,0
1007.42566,0,0
1007.42566,0,0
1007.42566,0,0
1007.37634,0,0
1007.37634,0,0
1007.37634,0,0
1007.37634,0,0
1007.46643,0,0
1007.46643,0,0
1007.46643,0,0
1007.46643,0,0
1007.57874,0,0
1007.57874,0,0
1007.57874,0,0
1007.57874,0,0
1007.81854,0,0
1007.81854,0,0
1007.81854,0,0
1007.81854,0,0
1007.8219,0,0
1007.8219,0,0
1007.8219,0,0
1007.8219,0,0
1007.81683,0,0
1007.81683,0,0
1007.81683,0,0
1007.81683,0,0
1007.81683,0,0
1007.99713,0,0
1007.99713,0,0
1007.99713,0,0
1007.99713,0,0
1007.6586,0,0
1007.6586,0,0
1007.6586,0,0
1007.6586,0,0
1007.5485,0,0
1007.5485,0,0
1007.5485,0,0
1007.5485,0,0
1007.4975,0,0
1007.4975,0,0
1007.4975,0,0
1007.4975,0,0
1007.43756,0,0
1007.43756,0,0
1007.43756,0,0
1007.43756,0,0
1007.3223,0,0
1007.3223,0,0
1007.3223,0,0
1007.3223,0,0
1007.36316,0,0
1007.36316,0,0
1007.36316,0,0
1007.36316,0,0
1007.36316,0,0
1007.5349,0,0
1007.5349,0,0
1007.5349,0,0
1007.5349,0,0
1007.7356,0,0
1007.7356,0,0
1007.7356,0,0
1007.7356,0,0
1007.86145,0,0
1007.86145,0,0
1007.86145,0,0
1007.86145,0,0
1007.773,0,0
1007.773,0,0
1007.773,0,0
1007.773,0,0
1007.58594,0,0
1007.58594,0,0
1007.58594,0,0
1007.58594,0,0
1007.5736,0,0
1007.5736,0,0
1007.5736,0,0
1007.5736,0,0
1007.5451,0,0
1007.5451,0,0
1007.5451,0,0
1007.5451,0,0
1007.5451,0,0
1007.4839,0,0
1007.4839,0,0
1007.4839,0,0
1007.4839,0,0
1007.4482,0,0
1007.4482,0,0
1007.4482,0,0
1007.4482,0,0
1007.50336,0,0
1007.50336,0,0
1007.50336,0,0
1007.50336,0,0
1007.69653,0,0
1007.69653,0,0
1007.69653,0,0
1007.69653,0,0
1007.7509,0,0
1007.7509,0,0
1007.7509,0,0
1007.7509,0,0
1007.87634,0,0
1007.87634,0,0
1007.87634,0,0
1007.87634,0,0
1007.793,0,0
1007.793,0,0
1007.793,0,0
1007.793,0,0
1007.5821,0,0
1007.58594,0,0
1007.58594,0,0
1007.58594,0,0
1007.58594,0,0
1007.50726,0,0
1007.50726,0,0
1007.50726,0,0
1007.50726,0,0
1007.4346,0,0
1007.4346,0,0
1007.4346,0,0
1007.4346,0,0
1007.3801,0,0
1007.3801,0,0
1007.3801,0,0
1007.3801,0,0
1007.3444,0,0
1007.3444,0,0
1007.3444,0,0
1007.3444,0,0
1007.43115,0,0
1007.43115,0,0
1007.43115,0,0
1007.43115,0,0
1007.65906,0,0
1007.65906,0,0
1007.65906,0,0
1007.65906,0,0
1007.8104,0,0
1007.8104,0,0
1007.8104,0,0
1007.8104,0,0
1007.8104,0,0
1007.9329,0,0
1007.9329,0,0
1007.9329,0,0
1007.9329,0,0
1007.5587,0,0
1007.5587,0,0
1007.5587,0,0
1007.5587,0,0
1007.42267,0,0
1007.42267,0,0
1007.42267,0,0
1007.42267,0,0
1007.40735,0,0
1007.40735,0,0
1007.40735,0,0
1007.40735,0,0
1007.38696,0,0
1007.38696,0,0
1007.38696,0,0
1007.38696,0,0
1007.3401,0,0
1007.3401,0,0
1007.3401,0,0
1007.3401,0,0
1007.41925,0,0
1007.41925,0,0
1007.41925,0,0
1007.41925,0,0
1007.41925,0,0
1007.5264,0,0
1007.5264,0,0
1007.5264,0,0
1007.5264,0,0
1007.7347,0,0
1007.7347,0,0
1007.7347,0,0
1007.7347,0,0
1007.75775,0,0
1007.75775,0,0
1007.75775,0,0
1007.75775,0,0
1007.8972,0,0
1007.8972,0,0
1007.8972,0,0
1007.8972,0,0
1007.5706,0,0
1007.5706,0,0
1007.5706,0,0
1007.5706,0,0
1007.4397,0,0
1007.4397,0,0
1007.4397,0,0
1007.4397,0,0
1007.4336,0,0
1007.4336,0,0
1007.4336,0,0
1007.4336,0,0
1007.4336,0,0
1007.3945,0,0
1007.3945,0,0
1007.3945,0,0
1007.3945,0,0
1007.3622,0,0
1007.3622,0,0
1007.3622,0,0
1007.3622,0,0
1007.44763,0,0
1007.44763,0,0
1007.44763,0,0
1007.44763,0,0
1007.5344,0,0
1007.5344,0,0
1007.5344,0,0
1007.5344,0,0
1007.7363,0,0
1007.7363,0,0
1007.7363,0,0
1007.7363,0,0
1007.78784,0,0
1007.78784,0,0
1007.78784,0,0
1007.78784,0,0
1007.95013,0,0
1007.95013,0,0
1007.95013,0,0
1007.95013,0,0
1007.5981,0,0
1007.5981,0,0
1007.5981,0,0
1007.5981,0,0
1007.5981,0,0
1007.42456,0,0
1007.42456,0,0
1007.42456,0,0
1007.42456,0,0
1007.40686,0,0
1007.40686,0,0
1007.40686,0,0
1007.40686,0,0
1007.3966,0,0
1007.3966,0,0
1007.3966,0,0
1007.3966,0,0
1007.37354,0,0
1007.37354,0,0
1007.37354,0,0
1007.37354,0,0
1007.357,0,0
1007.357,0,0
1007.357,0,0
1007.357,0,0
1007.55597,0,0
1007.55597,0,0
1007.55597,0,0
1007.55597,0,0
1007.6979,0,0
1007.6979,0,0
1007.6979,0,0
1007.6979,0,0
1007.6979,0,0
1007.9081,0,0
1007.9081,0,0
1007.9081,0,0
1007.9081,0,0
1007.89014,0,0
1007.89014,0,0
1007.89014,0,0
1007.89014,0,0
1007.8451,0,0
1007.8451,0,0
1007.8451,0,0
1007.8451,0,0
1007.72266,0,0
1007.72266,0,0
1007.72266,0,0
1007.72266,0,0
1007.67847,0,0
1007.67847,0,0
1007.67847,0,0
1007.67847,0,0
1007.5815,0,0
1007.5815,0,0
1007.5815,0,0
1007.5815,0,0
1007.4739,0,0
1007.4739,0,0
1007.4739,0,0
1007.4739,0,0
1007.4739,0,0
1007.4063,0,0
1007.4063,0,0
1007.4063,0,0
1007.4063,0,0
1007.3723,0,0
1007.3723,0,0
1007.3723,0,0
1007.3723,0,0
1007.3696,0,0
1007.3696,0,0
1007.3696,0,0
1007.3696,0,0
1007.3961,0,0
1007.3961,0,0
1007.3961,0,0
1007.3961,0,0
1007.538,0,0
1007.538,0,0
1007.538,0,0
1007.538,0,0
1007.7387,0,0
1007.7387,0,0
1007.7387,0,0
1007.7387,0,0
1007.8221,0,0
1007.8221,0,0
1007.8221,0,0
1007.8221,0,0
1007.89954,0,0
1007.89954,0,0
1007.89954,0,0
1007.89954,0,0
1007.89954,0,0
1007.97516,0,0
1007.97516,0,0
1007.97516,0,0
1007.97516,0,0
1007.7659,0,0
1007.7659,0,0
1007.7659,0,0
1007.7659,0,0
1007.59753,0,0
1007.59753,0,0
1007.59753,0,0
1007.59753,0,0
1007.53705,0,0
1007.53705,0,0
1007.53705,0,0
1007.53705,0,0
1007.4622,0,0
1007.4622,0,0
1007.4622,0,0
1007.4622,0,0
1007.4129,0,0
1007.4129,0,0
1007.4129,0,0
1007.4129,0,0
1007.401,0,0
1007.401,0,0
1007.401,0,0
1007.401,0,0
1007.401,0,0
1007.52386,0,0
1007.52386,0,0
1007.52386,0,0
1007.52386,0,0
1007.67145,0,0
1007.67145,0,0
1007.67145,0,0
1007.67145,0,0
1007.81525,0,0
1007.81525,0,0
1007.81525,0,0
1007.81525,0,0
1007.8228,0,0
1007.8228,0,0
1007.8228,0,0
1007.8228,0,0
1007.8879,0,0
1007.8879,0,0
1007.8879,0,0
1007.8879,0,0
1007.6514,0,0
1007.6514,0,0
1007.6514,0,0
1007.6514,0,0
1007.5188,0,0
1007.5188,0,0
1007.5188,0,0
1007.5188,0,0
1007.5188,0,0
1007.5184,0,0
1007.5184,0,0
1007.5184,0,0
1007.5184,0,0
1007.48816,0,0
1007.48816,0,0
1007.48816,0,0
1007.48816,0,0
1007.45825,0,0
1007.45825,0,0
1007.45825,0,0
1007.45825,0,0
1007.4957,0,0
1007.4957,0,0
1007.4957,0,0
1007.4957,0,0
1007.54205,0,0
1007.54205,0,0
1007.54205,0,0
1007.54205,0,0
1007.66113,0,0
1007.66113,0,0
1007.66113,0,0
1007.66113,0,0
1007.81836,0,0
1007.81836,0,0
1007.81836,0,0
1007.81836,0,0
1007.81836,0,0
1007.96295,0,0
1007.96295,0,0
1007.96295,0,0
1007.96295,0,0
1007.53015,0,0
1007.53015,0,0
1007.53015,0,0
1007.53015,0,0
1007.34985,0,0
1007.34985,0,0
1007.34985,0,0
1007.34985,0,0
1007.39294,0,0
1007.39294,0,0
1007.39294,0,0
1007.39294,0,0
1007.406,0,0
1007.406,0,0
1007.406,0,0
1007.406,0,0
1007.38635,0,0
1007.38635,0,0
1007.38635,0,0
1007.38635,0,0
1007.3914,0,0
1007.3914,0,0
1007.3914,0,0
1007.3914,0,0
1007.4514,0,0
1007.4514,0,0
1007.4514,0,0
1007.4514,0,0
1007.4514,0,0
1007.60913,0,0
1007.60913,0,0
1007.60913,0,0
1007.60913,0,0
1007.7712,0,0
1007.7712,0,0
1007.7712,0,0
1007.7712,0,0
1007.8443,0,0
1007.8443,0,0
1007.8443,0,0
1007.8443,0,0
1007.9021,0,0
1007.9021,0,0
1007.9021,0,0
1007.9021,0,0
1007.6511,0,0
1007.6511,0,0
1007.6511,0,0
1007.6511,0,0
1007.5338,0,0
1007.5338,0,0
1007.5338,0,0
1007.5338,0,0
1007.4913,0,0
1007.4913,0,0
1007.4913,0,0
1007.4913,0,0
1007.4913,0,0
1007.43176,0,0
1007.43176,0,0
1007.43176,0,0
1007.43176,0,0
1007.41345,0,0
1007.41345,0,0
1007.41345,0,0
1007.41345,0,0
1007.5274,0,0
1007.5274,0,0
1007.5274,0,0
1007.5274,0,0
1007.59375,0,0
1007.59375,0,0
1007.59375,0,0
1007.59375,0,0
1007.6992,0,0
1007.6992,0,0
1007.6992,0,0
1007.6992,0,0
1007.7068,0,0
1007.7068,0,0
1007.7068,0,0
1007.7068,0,0
1007.81146,0,0
1007.81146,0,0
1007.81146,0,0
1007.81146,0,0
1007.81146,0,0
1007.66516,0,0
1007.66516,0,0
1007.66516,0,0
1007.66516,0,0
1007.54785,0,0
1007.54785,0,0
1007.54785,0,0
1007.54785,0,0
1007.48486,0,0
1007.48486,0,0
1007.48486,0,0
1007.48486,0,0
1007.4186,0,0
1007.4186,0,0
1007.4186,0,0
1007.4186,0,0
1007.4125,0,0
1007.4125,0,0
1007.4125,0,0
1007.4125,0,0
1007.3768,0,0
1007.3768,0,0
1007.3768,0,0
1007.3768,0,0
1007.49927,0,0
1007.49927,0,0
1007.49927,0,0
1007.49927,0,0
1007.5928,0,0
1007.5928,0,0
1007.5928,0,0
1007.5928,0,0
1007.5928,0,0
1007.76965,0,0
1007.76965,0,0
1007.76965,0,0
1007.76965,0,0
1007.75195,0,0
1007.75195,0,0
1007.75195,0,0
1007.75195,0,0
1007.8744,0,0
1007.8744,0,0
1007.8744,0,0
1007.8744,0,0
1007.62604,0,0
1007.62604,0,0
1007.62604,0,0
1007.62604,0,0
1007.4305,0,0
1007.4305,0,0
1007.4305,0,0
1007.4305,0,0
1007.4305,0,0
1007.4305,0,0
1007.4305,0,0
1007.4305,0,0
1007.45935,0,0
1007.45935,0,0
1007.45935,0,0
1007.45935,0,0
1007.45935,0,0
1007.41644,0,0
1007.41644,0,0
1007.41644,0,0
1007.41644,0,0
1007.40454,0,0
1007.40454,0,0
1007.40454,0,0
1007.40454,0,0
1007.4419,0,0
1007.4419,0,0
1007.4419,0,0
1007.4419,0,0
1007.5274,0,0
1007.5274,0,0
1007.5274,0,0
1007.5274,0,0
1007.74,0,0
1007.74,0,0
1007.74,0,0
1007.74,0,0
1007.803,0,0
1007.803,0,0
1007.803,0,0
1007.803,0,0
1007.9721,0,0
1007.9721,0,0
1007.9721,0,0
1007.9721,0,0
1007.9721,0,0
1007.6856,0,0
1007.6856,0,0
1007.6856,0,0
1007.6856,0,0
1007.37335,0,0
1007.37335,0,0
1007.37335,0,0
1007.37335,0,0
1007.31213,0,0
1007.31213,0,0
1007.31213,0,0
1007.31213,0,0
1007.3563,0,0
1007.3563,0,0
1007.3563,0,0
1007.3563,0,0
1007.3556,0,0
1007.3556,0,0
1007.3556,0,0
1007.3556,0,0
1007.3267,0,0
1007.3267,0,0
1007.3267,0,0
1007.3267,0,0
1007.3012,0,0
1007.3012,0,0
1007.3012,0,0
1007.3012,0,0
1007.45935,0,0
1007.45935,0,0
1007.45935,0,0
1007.45935,0,0
1007.45935,0,0
1007.64044,0,0
1007.64044,0,0
1007.64044,0,0
1007.64044,0,0
1007.84357,0,0
1007.84357,0,0
1007.84357,0,0
1007.84357,0,0
1007.8861,0,0
1007.8861,0,0
1007.8861,0,0
1007.8861,0,0
1007.80615,0,0
1007.80615,0,0
1007.80615,0,0
1007.80615,0,0
1007.8657,0,0
1007.8657,0,0
1007.8657,0,0
1007.8657,0,0
1007.7381,0,0
1007.7381,0,0
1007.7381,0,0
1007.7381,0,0
1007.5775,0,0
1007.5775,0,0
1007.5775,0,0
1007.5775,0,0
1007.5775,0,0
1007.4805,0,0
1007.4805,0,0
1007.4805,0,0
1007.4805,0,0
1007.3911,0,0
1007.3911,0,0
1007.3911,0,0
1007.3911,0,0
1007.3104,0,0
1007.3104,0,0
1007.3104,0,0
1007.3104,0,0
1007.4363,0,0
1007.4363,0,0
1007.4363,0,0
1007.4363,0,0
1007.5748,0,0
1007.5748,0,0
1007.5748,0,0
1007.5748,0,0
1007.8173,0,0
1007.8173,0,0
1007.8173,0,0
1007.8173,0,0
1007.78577,0,0
1007.78577,0,0
1007.78577,0,0
1007.78577,0,0
1007.78577,0,0
1007.8249,0,0
1007.8249,0,0
1007.8249,0,0
1007.8249,0,0
1007.7058,0,0
1007.7058,0,0
1007.7058,0,0
1007.7058,0,0
1007.4949,0,0
1007.4949,0,0
1007.4949,0,0
1007.4949,0,0
1007.41156,0,0
1007.41156,0,0
1007.41156,0,0
1007.41156,0,0
1007.37585,0,0
1007.37585,0,0
1007.37585,0,0
1007.37585,0,0
1007.34564,0,0
1007.34564,0,0
1007.34564,0,0
1007.34564,0,0
1007.3082,0,0
1007.3082,0,0
1007.3082,0,0
1007.3082,0,0
1007.39154,0,0
1007.3957,0,0
1007.3957,0,0
1007.3957,0,0
1007.3957,0,0
1007.52765,0,0
1007.52765,0,0
1007.52765,0,0
1007.52765,0,0
1007.76917,0,0
1007.76917,0,0
1007.76917,0,0
1007.76917,0,0
1007.75726,0,0
1007.75726,0,0
1007.75726,0,0
1007.75726,0,0
1007.75555,0,0
1007.75555,0,0
1007.75555,0,0
1007.75555,0,0
1007.5463,0,0
1007.5463,0,0
1007.5463,0,0
1007.5463,0,0
1007.4285,0,0
1007.4285,0,0
1007.4285,0,0
1007.4285,0,0
1007.483,0,0
1007.483,0,0
1007.483,0,0
1007.483,0,0
1007.483,0,0
1007.6144,0,0
1007.6144,0,0
1007.6144,0,0
1007.6144,0,0
1007.51746,0,0
1007.51746,0,0
1007.51746,0,0
1007.51746,0,0
1007.47656,0,0
1007.47656,0,0
1007.47656,0,0
1007.47656,0,0
1007.497,0,0
1007.497,0,0
1007.497,0,0
1007.497,0,0
1007.5573,0,0
1007.5573,0,0
1007.5573,0,0
1007.5573,0,0
1007.7614,0,0
1007.7614,0,0
1007.7614,0,0
1007.7614,0,0
1007.8508,0,0
1007.8508,0,0
1007.8508,0,0
1007.8508,0,0
1007.8508,0,0
1007.94434,0,0
1007.94434,0,0
1007.94434,0,0
1007.94434,0,0
1008.0455,0,0
1008.0455,0,0
1008.0455,0,0
1008.0455,0,0
1007.7461,0,0
1007.7461,0,0
1007.7461,0,0
1007.7461,0,0
1007.6042,0,0
1007.6042,0,0
1007.6042,0,0
1007.6042,0,0
1007.5318,0,0
1007.5318,0,0
1007.5318,0,0
1007.5318,0,0
1007.4689,0,0
1007.4689,0,0
1007.4689,0,0
1007.4689,0,0
1007.3821,0,0
1007.3821,0,0
1007.3821,0,0
1007.3821,0,0
1007.3821,0,0
1007.445,0,0
1007.445,0,0
1007.445,0,0
1007.445,0,0
1007.573,0,0
1007.573,0,0
1007.573,0,0
1007.573,0,0
1007.73926,0,0
1007.73926,0,0
1007.73926,0,0
1007.73926,0,0
1007.8822,0,0
1007.8822,0,0
1007.8822,0,0
1007.8822,0,0
1007.9638,0,0
1007.9638,0,0
1007.9638,0,0
1007.9638,0,0
1007.707,0,0
1007.707,0,0
1007.707,0,0
1007.707,0,0
1007.60834,0,0
1007.60834,0,0
1007.60834,0,0
1007.60834,0,0
1007.5794,0,0
1007.5794,0,0
1007.5794,0,0
1007.5794,0,0
1007.5794,0,0
1007.49945,0,0
1007.49945,0,0
1007.49945,0,0
1007.49945,0,0
1007.4199,0,0
1007.4199,0,0
1007.4199,0,0
1007.4199,0,0
1007.445,0,0
1007.445,0,0
1007.445,0,0
1007.445,0,0
1007.5811,0,0
1007.5811,0,0
1007.5811,0,0
1007.5811,0,0
1007.806,0,0
1007.806,0,0
1007.806,0,0
1007.806,0,0
1007.9336,0,0
1007.9336,0,0
1007.9336,0,0
1007.9336,0,0
1007.98975,0,0
1007.98975,0,0
1007.98975,0,0
1007.98975,0,0
1007.98975,0,0
1007.7019,0,0
1007.7019,0,0
1007.7019,0,0
1007.7019,0,0
1007.59,0,0
1007.59,0,0
1007.59,0,0
1007.59,0,0
1007.5403,0,0
1007.5403,0,0
1007.5403,0,0
1007.5403,0,0
1007.46545,0,0
1007.46545,0,0
1007.46545,0,0
1007.46545,0,0
1007.43353,0,0
1007.43353,0,0
1007.43353,0,0
1007.43353,0,0
1007.4897,0,0
1007.4897,0,0
1007.4897,0,0
1007.4897,0,0
1007.6503,0,0
1007.6503,0,0
1007.6503,0,0
1007.6503,0,0
1007.6503,0,0
1007.73193,0,0
1007.73193,0,0
1007.73193,0,0
1007.73193,0,0
1007.8051,0,0
1007.8051,0,0
1007.8051,0,0
1007.8051,0,0
1007.9004,0,0
1007.9004,0,0
1007.9004,0,0
1007.9004,0,0
1007.636,0,0
1007.636,0,0
1007.636,0,0
1007.636,0,0
1007.55945,0,0
1007.55945,0,0
1007.55945,0,0
1007.55945,0,0
1007.5126,0,0
1007.5126,0,0
1007.5126,0,0
1007.5126,0,0
1007.4445,0,0
1007.4445,0,0
1007.4445,0,0
1007.4445,0,0
1007.402,0,0
1007.402,0,0
1007.402,0,0
1007.402,0,0
1007.402,0,0
1007.3332,0,0
1007.3332,0,0
1007.3332,0,0
1007.3332,0,0
1007.39685,0,0
1007.39685,0,0
1007.39685,0,0
1007.39685,0,0
1007.4887,0,0
1007.4887,0,0
1007.4887,0,0
1007.4887,0,0
1007.73535,0,0
1007.73535,0,0
1007.73535,0,0
1007.73535,0,0
1007.7796,0,0
1007.7796,0,0
1007.7796,0,0
1007.7796,0,0
1007.817,0,0
1007.817,0,0
1007.817,0,0
1007.817,0,0
1007.61633,0,0
1007.61633,0,0
1007.61633,0,0
1007.61633,0,0
1007.61633,0,0
1007.48535,0,0
1007.48535,0,0
1007.48535,0,0
1007.48535,0,0
1007.4415,0,0
1007.4415,0,0
1007.4415,0,0
1007.4415,0,0
1007.39465,0,0
1007.39465,0,0
1007.39465,0,0
1007.39465,0,0
1007.38104,0,0
1007.38104,0,0
1007.38104,0,0
1007.38104,0,0
1007.3611,0,0
1007.3611,0,0
1007.3611,0,0
1007.3611,0,0
1007.4444,0,0
1007.4444,0,0
1007.4444,0,0
1007.4444,0,0
1007.5718,0,0
1007.5718,0,0
1007.5718,0,0
1007.5718,0,0
1007.5718,0,0
1007.6568,0,0
1007.6568,0,0
1007.6568,0,0
1007.6568,0,0
1007.7173,0,0
1007.7173,0,0
1007.7173,0,0
1007.7173,0,0
1007.8882,0,0
1007.8882,0,0
1007.8882,0,0
1007.8882,0,0
1007.69086,0,0
1007.69086,0,0
1007.69086,0,0
1007.69086,0,0
1007.5275,0,0
1007.5275,0,0
1007.5275,0,0
1007.5275,0,0
1007.431,0,0
1007.431,0,0
1007.431,0,0
1007.431,0,0
1007.363,0,0
1007.363,0,0
1007.363,0,0
1007.363,0,0
1007.3591,0,0
1007.3591,0,0
1007.3591,0,0
1007.3591,0,0
1007.3591,0,0
1007.54443,0,0
1007.54443,0,0
1007.54443,0,0
1007.54443,0,0
1007.6737,0,0
1007.6737,0,0
1007.6737,0,0
1007.6737,0,0
1007.7741,0,0
1007.7741,0,0
1007.7741,0,0
1007.7741,0,0
1007.7605,0,0
1007.7605,0,0
1007.7605,0,0
1007.7605,0,0
1007.9391,0,0
1007.9391,0,0
1007.9391,0,0
1007.9391,0,0
1007.67957,0,0
1007.67957,0,0
1007.67957,0,0
1007.67957,0,0
1007.47375,0,0
1007.47375,0,0
1007.47375,0,0
1007.47375,0,0
1007.47375,0,0
1007.4329,0,0
1007.4329,0,0
1007.4329,0,0
1007.4329,0,0
1007.3921,0,0
1007.3921,0,0
1007.3921,0,0
1007.3921,0,0
1007.3415,0,0
1007.3415,0,0
1007.3415,0,0
1007.3415,0,0
1007.3432,0,0
1007.3432,0,0
1007.3432,0,0
1007.3432,0,0
1007.41125,0,0
1007.41125,0,0
1007.41125,0,0
1007.41125,0,0
1007.6161,0,0
1007.6161,0,0
1007.6161,0,0
1007.6161,0,0
1007.7327,0,0
1007.7327,0,0
1007.7327,0,0
1007.7327,0,0
1007.7327,0,0
1007.8032,0,0
1007.8032,0,0
1007.8032,0,0
1007.8032,0,0
1007.8819,0,0
1007.8819,0,0
1007.8819,0,0
1007.8819,0,0
1007.6059,0,0
1007.6059,0,0
1007.6059,0,0
1007.6059,0,0
1007.4988,0,0
1007.4988,0,0
1007.4988,0,0
1007.4988,0,0
1007.46173,0,0
1007.46173,0,0
1007.46173,0,0
1007.46173,0,0
1007.3978,0,0
1007.3978,0,0
1007.3978,0,0
1007.3978,0,0
1007.37744,0,0
1007.37744,0,0
1007.37744,0,0
1007.37744,0,0
1007.39014,0,0
1007.39014,0,0
1007.39014,0,0
1007.39014,0,0
1007.39014,0,0
1007.4564,0,0
1007.4564,0,0
1007.4564,0,0
1007.4564,0,0
1007.5952,0,0
1007.5952,0,0
1007.5952,0,0
1007.5952,0,0
1007.7942,0,0
1007.7942,0,0
1007.7942,0,0
1007.7942,0,0
1007.83167,0,0
1007.83167,0,0
1007.83167,0,0
1007.83167,0,0
1007.915,0,0
1007.915,0,0
1007.915,0,0
1007.915,0,0
1007.58234,0,0
1007.58234,0,0
1007.58234,0,0
1007.58234,0,0
1007.4183,0,0
1007.4183,0,0
1007.4183,0,0
1007.4183,0,0
1007.4183,0,0
1007.38934,0,0
1007.38934,0,0
1007.38934,0,0
1007.38934,0,0
1007.3459,0,0
1007.3459,0,0
1007.3459,0,0
1007.3459,0,0
1007.29144,0,0
1007.29144,0,0
1007.29144,0,0
1007.29144,0,0
1007.3544,0,0
1007.3544,0,0
1007.3544,0,0
1007.3544,0,0
1007.5011,0,0
1007.5011,0,0
1007.5011,0,0
1007.5011,0,0
1007.7035,0,0
1007.7035,0,0
1007.7035,0,0
1007.7035,0,0
1007.792,0,0
1007.792,0,0
1007.792,0,0
1007.792,0,0
1007.792,0,0
1007.8209,0,0
1007.8209,0,0
1007.8209,0,0
1007.8209,0,0
1007.65076,0,0
1007.65076,0,0
1007.65076,0,0
1007.65076,0,0
1007.53,0,0
1007.53,0,0
1007.53,0,0
1007.53,0,0
1007.5028,0,0
1007.5028,0,0
1007.5028,0,0
1007.5028,0,0
1007.44324,0,0
1007.44324,0,0
1007.44324,0,0
1007.44324,0,0
1007.3998,0,0
1007.3998,0,0
1007.3998,0,0
1007.3998,0,0
1007.4525,0,0
1007.4525,0,0
1007.4525,0,0
1007.4525,0,0
1007.5222,0,0
1007.5181,0,0
1007.5181,0,0
1007.5181,0,0
1007.5181,0,0
1007.6686,0,0
1007.6686,0,0
1007.6686,0,0
1007.6686,0,0
1007.7179,0,0
1007.7179,0,0
1007.7179,0,0
1007.7179,0,0
1007.8251,0,0
1007.8251,0,0
1007.8251,0,0
1007.8251,0,0
1008.0173,0,0
1008.0173,0,0
1008.0173,0,0
1008.0173,0,0
1007.7468,0,0
1007.7468,0,0
1007.7468,0,0
1007.7468,0,0
1007.564,0,0
1007.564,0,0
1007.564,0,0
1007.564,0,0
1007.49335,0,0
1007.49335,0,0
1007.49335,0,0
1007.49335,0,0
1007.49335,0,0
1007.44446,0,0
1007.44446,0,0
1007.44446,0,0
1007.44446,0,0
1007.3917,0,0
1007.3917,0,0
1007.3917,0,0
1007.3917,0,0
1007.35767,0,0
1007.35767,0,0
1007.35767,0,0
1007.35767,0,0
1007.41284,0,0
1007.41284,0,0
1007.41284,0,0
1007.41284,0,0
1007.4836,0,0
1007.4836,0,0
1007.4836,0,0
1007.4836,0,0
1007.6928,0,0
1007.6928,0,0
1007.6928,0,0
1007.6928,0,0
1007.8323,0,0
1007.8323,0,0
1007.8323,0,0
1007.8323,0,0
1007.8323,0,0
1008.00653,0,0
1008.00653,0,0
1008.00653,0,0
1008.00653,0,0
1007.7132,0,0
1007.7132,0,0
1007.7132,0,0
1007.7132,0,0
1007.5414,0,0
1007.5414,0,0
1007.5414,0,0
1007.5414,0,0
1007.47,0,0
1007.47,0,0
1007.47,0,0
1007.47,0,0
1007.3998,0,0
1007.3998,0,0
1007.3998,0,0
1007.3998,0,0
1007.3849,0,0
1007.3849,0,0
1007.3849,0,0
1007.3849,0,0
1007.4938,0,0
1007.4938,0,0
1007.4938,0,0
1007.4938,0,0
1007.4938,0,0
1007.5567,0,0
1007.5567,0,0
1007.5567,0,0
1007.5567,0,0
1007.77783,0,0
1007.77783,0,0
1007.77783,0,0
1007.77783,0,0
1007.8102,0,0
1007.8102,0,0
1007.8102,0,0
1007.8102,0,0
1007.77234,0,0
1007.77234,0,0
1007.77234,0,0
1007.77234,0,0
1007.69916,0,0
1007.69916,0,0
1007.69916,0,0
1007.69916,0,0
1007.48486,0,0
1007.48486,0,0
1007.48486,0,0
1007.48486,0,0
1007.3985,0,0
1007.3985,0,0
1007.3985,0,0
1007.3985,0,0
1007.293,0,0
1007.293,0,0
1007.293,0,0
1007.293,0,0
1007.293,0,0
1007.2496,0,0
1007.2496,0,0
1007.2496,0,0
1007.2496,0,0
1007.31464,0,0
1007.31464,0,0
1007.31464,0,0
1007.31464,0,0
1007.4894,0,0
1007.4894,0,0
1007.4894,0,0
1007.4894,0,0
1007.70715,0,0
1007.70715,0,0
1007.70715,0,0
1007.70715,0,0
1007.7718,0,0
1007.7718,0,0
1007.7718,0,0
1007.7718,0,0
1007.8041,0,0
1007.8041,0,0
1007.8041,0,0
1007.8041,0,0
1007.6719,0,0
1007.6719,0,0
1007.6719,0,0
1007.6719,0,0
1007.6719,0,0
1007.49835,0,0
1007.49835,0,0
1007.49835,0,0
1007.49835,0,0
1007.42175,0,0
1007.42175,0,0
1007.42175,0,0
1007.42175,0,0
1007.3435,0,0
1007.3435,0,0
1007.3435,0,0
1007.3435,0,0
1007.28186,0,0
1007.28186,0,0
1007.28186,0,0
1007.28186,0,0
1007.2636,0,0
1007.2636,0,0
1007.2636,0,0
1007.2636,0,0
1007.4116,0,0
1007.4116,0,0
1007.4116,0,0
1007.4116,0,0
1007.5569,0,0
1007.5569,0,0
1007.5569,0,0
1007.5569,0,0
1007.6964,0,0
1007.6964,0,0
1007.6964,0,0
1007.6964,0,0
1007.6964,0,0
1007.6743,0,0
1007.6743,0,0
1007.6743,0,0
1007.6743,0,0
1007.8198,0,0
1007.8198,0,0
1007.8198,0,0
1007.8198,0,0
1007.62665,0,0
1007.62665,0,0
1007.62665,0,0
1007.62665,0,0
1007.3766,0,0
1007.3766,0,0
1007.3766,0,0
1007.3766,0,0
1007.3613,0,0
1007.3613,0,0
1007.3613,0,0
1007.3613,0,0
1007.39703,0,0
1007.39703,0,0
1007.39703,0,0
1007.39703,0,0
1007.37195,0,0
1007.37195,0,0
1007.37195,0,0
1007.37195,0,0
1007.37195,0,0
1007.3175,0,0
1007.3175,0,0
1007.3175,0,0
1007.3175,0,0
1007.3617,0,0
1007.3617,0,0
1007.3617,0,0
1007.3617,0,0
1007.45996,0,0
1007.45996,0,0
1007.45996,0,0
1007.45996,0,0
1007.68884,0,0
1007.68884,0,0
1007.68884,0,0
1007.68884,0,0
1007.8675,0,0
1007.8675,0,0
1007.8675,0,0
1007.8675,0,0
1008.00525,0,0
1008.00525,0,0
1008.00525,0,0
1008.00525,0,0
1007.68207,0,0
1007.68207,0,0
1007.68207,0,0
1007.68207,0,0
1007.68207,0,0
1007.55444,0,0
1007.55444,0,0
1007.55444,0,0
1007.55444,0,0
1007.4923,0,0
1007.4923,0,0
1007.4923,0,0
1007.4923,0,0
1007.4405,0,0
1007.4405,0,0
1007.4405,0,0
1007.4405,0,0
1007.38855,0,0
1007.38855,0,0
1007.38855,0,0
1007.38855,0,0
1007.4259,0,0
1007.4259,0,0
1007.4259,0,0
1007.4259,0,0
1007.5093,0,0
1007.5093,0,0
1007.5093,0,0
1007.5093,0,0
1007.7185,0,0
1007.7185,0,0
1007.7185,0,0
1007.7185,0,0
1007.7185,0,0
1007.85,0,0
1007.85,0,0
1007.85,0,0
1007.85,0,0
1007.9707,0,0
1007.9707,0,0
1007.9707,0,0
1007.9707,0,0
1007.6891,0,0
1007.6891,0,0
1007.6891,0,0
1007.6891,0,0
1007.60065,0,0
1007.60065,0,0
1007.60065,0,0
1007.60065,0,0
1007.56226,0,0
1007.56226,0,0
1007.56226,0,0
1007.56226,0,0
1007.47644,0,0
1007.47644,0,0
1007.47644,0,0
1007.47644,0,0
1007.4009,0,0
1007.4009,0,0
1007.4009,0,0
1007.4009,0,0
1007.4203,0,0
1007.4203,0,0
1007.4203,0,0
1007.4203,0,0
1007.4203,0,0
1007.5598,0,0
1007.5598,0,0
1007.5598,0,0
1007.5598,0,0
1007.7742,0,0
1007.7742,0,0
1007.7742,0,0
1007.7742,0,0
1007.7775,0,0
1007.7775,0,0
1007.7775,0,0
1007.7775,0,0
1007.87964,0,0
1007.87964,0,0
1007.87964,0,0
1007.87964,0,0
1007.52405,0,0
1007.52405,0,0
1007.52405,0,0
1007.52405,0,0
1007.37366,0,0
1007.37366,0,0
1007.37366,0,0
1007.37366,0,0
1007.39874,0,0
1007.39874,0,0
1007.39874,0,0
1007.39874,0,0
1007.39874,0,0
1007.3681,0,0
1007.3681,0,0
1007.3681,0,0
1007.3681,0,0
1007.3311,0,0
1007.3311,0,0
1007.3311,0,0
1007.3311,0,0
1007.38855,0,0
1007.38855,0,0
1007.38855,0,0
1007.38855,0,0
1007.4174,0,0
1007.4174,0,0
1007.4174,0,0
1007.4174,0,0
1007.56714,0,0
1007.56714,0,0
1007.56714,0,0
1007.56714,0,0
1007.6918,0,0
1007.6918,0,0
1007.6918,0,0
1007.6918,0,0
1007.74615,0,0
1007.74615,0,0
1007.74615,0,0
1007.74615,0,0
1007.74615,0,0
1007.7622,0,0
1007.7622,0,0
1007.7622,0,0
1007.7622,0,0
1007.5615,0,0
1007.5615,0,0
1007.5615,0,0
1007.5615,0,0
1007.4585,0,0
1007.4585,0,0
1007.4585,0,0
1007.4585,0,0
1007.4823,0,0
1007.4823,0,0
1007.4823,0,0
1007.4823,0,0
1007.56323,0,0
1007.56323,0,0
1007.56323,0,0
1007.56323,0,0
1007.47473,0,0
1007.47473,0,0
1007.47473,0,0
1007.47473,0,0
1007.43225,0,0
1007.43225,0,0
1007.43225,0,0
1007.43225,0,0
1007.4271,0,0
1007.4271,0,0
1007.4271,0,0
1007.4271,0,0
1007.4271,0,0
1007.5333,0,0
1007.5333,0,0
1007.5333,0,0
1007.5333,0,0
1007.75616,0,0
1007.75616,0,0
1007.75616,0,0
1007.75616,0,0
1007.72217,0,0
1007.72217,0,0
1007.72217,0,0
1007.72217,0,0
1007.8106,0,0
1007.8106,0,0
1007.8106,0,0
1007.8106,0,0
1007.54736,0,0
1007.54736,0,0
1007.54736,0,0
1007.54736,0,0
1007.396,0,0
1007.396,0,0
1007.396,0,0
1007.396,0,0
1007.36536,0,0
1007.36536,0,0
1007.36536,0,0
1007.36536,0,0
1007.36536,0,0
1007.33813,0,0
1007.33813,0,0
1007.33813,0,0
1007.33813,0,0
1007.32056,0,0
1007.32056,0,0
1007.32056,0,0
1007.32056,0,0
1007.4154,0,0
1007.4154,0,0
1007.4154,0,0
1007.4154,0,0
1007.506,0,0
1007.506,0,0
1007.506,0,0
1007.506,0,0
1007.7284,0,0
1007.7284,0,0
1007.7284,0,0
1007.7284,0,0
1007.8322,0,0
1007.8322,0,0
1007.8322,0,0
1007.8322,0,0
1007.7573,0,0
1007.7573,0,0
1007.7573,0,0
1007.7573,0,0
1007.7573,0,0
1007.7209,0,0
1007.7209,0,0
1007.7209,0,0
1007.7209,0,0
1007.58307,0,0
1007.58307,0,0
1007.58307,0,0
1007.58307,0,0
1007.46356,0,0
1007.46356,0,0
1007.46356,0,0
1007.46356,0,0
1007.3955,0,0
1007.3955,0,0
1007.3955,0,0
1007.3955,0,0
1007.3343,0,0
1007.3343,0,0
1007.3343,0,0
1007.3343,0,0
1007.3211,0,0
1007.3211,0,0
1007.3211,0,0
1007.3211,0,0
1007.4823,0,0
1007.4823,0,0
1007.4823,0,0
1007.4823,0,0
1007.6371,0,0
1007.6371,0,0
1007.6371,0,0
1007.6371,0,0
1007.6371,0,0
1007.8536,0,0
1007.8536,0,0
1007.8536,0,0
1007.8536,0,0
1007.8957,0,0
1007.8957,0,0
1007.8957,0,0
1007.8957,0,0
1007.88135,0,0
1007.88135,0,0
1007.88135,0,0
1007.88135,0,0
1007.6687,0,0
1007.6687,0,0
1007.6687,0,0
1007.6687,0,0
1007.55884,0,0
1007.55884,0,0
1007.55884,0,0
1007.55884,0,0
1007.5095,0,0
1007.5095,0,0
1007.5095,0,0
1007.5095,0,0
1007.4283,0,0
1007.4283,0,0
1007.4283,0,0
1007.4283,0,0
1007.4283,0,0
1007.3926,0,0
1007.3926,0,0
1007.3926,0,0
1007.3926,0,0
1007.4555,0,0
1007.4555,0,0
1007.4555,0,0
1007.4555,0,0
1007.5797,0,0
1007.5797,0,0
1007.5797,0,0
1007.5797,0,0
1007.7736,0,0
1007.7736,0,0
1007.7736,0,0
1007.7736,0,0
1007.7778,0,0
1007.7778,0,0
1007.7778,0,0
1007.7778,0,0
1007.89685,0,0
1007.89685,0,0
1007.89685,0,0
1007.89685,0,0
1007.62,0,0
1007.62,0,0
1007.62,0,0
1007.62,0,0
1007.62,0,0
1007.5005,0,0
1007.5005,0,0
1007.5005,0,0
1007.5005,0,0
1007.49536,0,0
1007.49536,0,0
1007.49536,0,0
1007.49536,0,0
1007.43414,0,0
1007.43414,0,0
1007.43414,0,0
1007.43414,0,0
1007.3967,0,0
1007.3967,0,0
1007.3967,0,0
1007.3967,0,0
1007.4545,0,0
1007.4545,0,0
1007.4545,0,0
1007.4545,0,0
1007.56726,0,0
1007.56726,0,0
1007.56726,0,0
1007.56726,0,0
1007.7046,0,0
1007.7046,0,0
1007.7046,0,0
1007.7046,0,0
1007.7046,0,0
1007.75903,0,0
1007.75903,0,0
1007.75903,0,0
1007.75903,0,0
1007.85187,0,0
1007.85187,0,0
1007.85187,0,0
1007.85187,0,0
1007.6213,0,0
1007.6213,0,0
1007.6213,0,0
1007.6213,0,0
1007.3767,0,0
1007.3767,0,0
1007.3767,0,0
1007.3767,0,0
1007.36554,0,0
1007.36554,0,0
1007.36554,0,0
1007.36554,0,0
1007.38257,0,0
1007.38257,0,0
1007.38257,0,0
1007.38257,0,0
1007.34,0,0
1007.34,0,0
1007.34,0,0
1007.34,0,0
1007.2992,0,0
1007.2992,0,0
1007.2992,0,0
1007.2992,0,0
1007.2992,0,0
1007.37744,0,0
1007.37744,0,0
1007.37744,0,0
1007.37744,0,0
1007.4574,0,0
1007.4574,0,0
1007.4574,0,0
1007.4574,0,0
1007.7351,0,0
1007.7351,0,0
1007.7351,0,0
1007.7351,0,0
1007.81,0,0
1007.81,0,0
1007.81,0,0
1007.81,0,0
1007.92224,0,0
1007.92224,0,0
1007.92224,0,0
1007.92224,0,0
1007.65796,0,0
1007.65796,0,0
1007.65796,0,0
1007.65796,0,0
1007.44934,0,0
1007.44934,0,0
1007.44934,0,0
1007.44934,0,0
1007.44934,0,0
1007.40173,0,0
1007.40173,0,0
1007.40173,0,0
1007.40173,0,0
1007.35406,0,0
1007.35406,0,0
1007.35406,0,0
1007.35406,0,0
1007.30646,0,0
1007.30646,0,0
1007.30646,0,0
1007.30646,0,0
1007.42554,0,0
1007.42554,0,0
1007.42554,0,0
1007.42554,0,0
1007.52246,0,0
1007.52246,0,0
1007.52246,0,0
1007.52246,0,0
1007.77765,0,0
1007.77765,0,0
1007.77765,0,0
1007.77765,0,0
1007.88654,0,0
1007.88654,0,0
1007.88654,0,0
1007.88654,0,0
1007.88654,0,0
1007.9814,0,0
1007.9814,0,0
1007.9814,0,0
1007.9814,0,0
1007.6591,0,0
1007.6591,0,0
1007.6591,0,0
1007.6591,0,0
1007.51355,0,0
1007.51355,0,0
1007.51355,0,0
1007.51355,0,0
1007.4387,0,0
1007.4387,0,0
1007.4387,0,0
1007.4387,0,0
1007.3962,0,0
1007.3962,0,0
1007.3962,0,0
1007.3962,0,0
1007.41925,0,0
1007.41925,0,0
1007.41925,0,0
1007.41925,0,0
1007.51355,0,0
1007.51355,0,0
1007.51355,0,0
1007.51355,0,0
1007.68365,0,0
1007.68365,0,0
1007.68365,0,0
1007.68365,0,0
1007.68365,0,0
1007.69385,0,0
1007.69385,0,0
1007.69385,0,0
1007.69385,0,0
1007.7743,0,0
1007.7743,0,0
1007.7743,0,0
1007.7743,0,0
1007.58673,0,0
1007.58673,0,0
1007.58673,0,0
1007.58673,0,0
1007.44763,0,0
1007.44763,0,0
1007.44763,0,0
1007.44763,0,0
1007.4045,0,0
1007.4045,0,0
1007.4045,0,0
1007.4045,0,0
1007.345,0,0
1007.345,0,0
1007.345,0,0
1007.345,0,0
1007.3245,0,0
1007.3245,0,0
1007.3245,0,0
1007.3245,0,0
1007.3245,0,0
1007.4283,0,0
1007.4283,0,0
1007.4283,0,0
1007.4283,0,0
1007.5032,0,0
1007.5032,0,0
1007.5032,0,0
1007.5032,0,0
1007.709,0,0
1007.709,0,0
1007.709,0,0
1007.709,0,0
1007.7379,0,0
1007.7379,0,0
1007.7379,0,0
1007.7379,0,0
1007.7838,0,0
1007.7838,0,0
1007.7838,0,0
1007.7838,0,0
1007.83826,0,0
1007.83826,0,0
1007.83826,0,0
1007.83826,0,0
1007.8553,0,0
1007.8553,0,0
1007.8553,0,0
1007.8553,0,0
1007.8553,0,0
1007.65283,0,0
1007.65283,0,0
1007.65283,0,0
1007.65283,0,0
1007.4068,0,0
1007.4068,0,0
1007.4068,0,0
1007.4068,0,0
1007.3847,0,0
1007.3847,0,0
1007.3847,0,0
1007.3847,0,0
1007.30304,0,0
1007.30304,0,0
1007.30304,0,0
1007.30304,0,0
1007.2248,0,0
1007.2248,0,0
1007.2248,0,0
1007.2248,0,0
1007.12274,0,0
1007.12274,0,0
1007.12274,0,0
1007.12274,0,0
1007.11865,0,0
1007.11865,0,0
1007.11865,0,0
1007.11865,0,0
1007.1374,0,0
1007.1374,0,0
1007.1374,0,0
1007.1374,0,0
1007.1374,0,0
1007.18036,0,0
1007.18036,0,0
1007.18036,0,0
1007.18036,0,0
1007.21564,0,0
1007.21564,0,0
1007.21564,0,0
1007.21564,0,0
1007.25476,0,0
1007.25476,0,0
1007.25476,0,0
1007.25476,0,0
1007.2871,0,0
1007.2871,0,0
1007.2871,0,0
