1030.9629,0,0
1030.9629,0,0
1030.9629,0,0
1030.9629,0,0
1030.9794,0,0
1030.9794,0,0
1030.9794,0,0
1030.9794,0,0
1030.9906,0,0
1030.9906,0,0
1030.9906,0,0
1030.9906,0,0
1030.9937,0,0
1030.9937,0,0
1030.9937,0,0
1030.9937,0,0
1031.0095,0,0
1031.0095,0,0
1031.0095,0,0
1031.0095,0,0
1031.0175,0,0
1031.0175,0,0
1031.0175,0,0
1031.0175,0,0
1031.0332,0,0
1031.0332,0,0
1031.0332,0,0
1031.0332,0,0
1031.0406,0,0
1031.0406,0,0
1031.0406,0,0
1031.0406,0,0
1031.0406,0,0
1031.0502,0,0
1031.0502,0,0
1031.0502,0,0
1031.0502,0,0
1031.0417,0,0
1031.0417,0,0
1031.0417,0,0
1031.0417,0,0
1031.0284,0,0
1031.0284,0,0
1031.0284,0,0
1031.0284,0,0
1031.0386,0,0
1031.0386,0,0
1031.0386,0,0
1031.0386,0,0
1031.0459,0,0
1031.0459,0,0
1031.0459,0,0
1031.0459,0,0
1031.0521,0,0
1031.0521,0,0
1031.0521,0,0
1031.0521,0,0
1031.081,0,0
1031.081,0,0
1031.081,0,0
1031.081,0,0
1031.081,0,0
1031.1191,0,0
1031.1191,0,0
1031.1191,0,0
1031.1191,0,0
1031.1954,0,0
1031.1954,0,0
1031.1954,0,0
1031.1954,0,0
1031.1471,0,0
1031.1471,0,0
1031.1471,0,0
1031.1471,0,0
1031.1935,0,0
1031.1935,0,0
1031.1935,0,0
1031.1935,0,0
1031.2539,0,0
1031.2539,0,0
1031.2539,0,0
1031.2539,0,0
1031.4303,0,0
1031.4303,0,0
1031.4303,0,0
1031.4303,0,0
1031.5779,0,0
1031.5779,0,0
1031.5779,0,0
1031.5779,0,0
1031.5779,0,0
1031.8899,0,0
1031.8899,0,0
1031.8899,0,0
1031.8899,0,0
1031.7253,0,0
1031.7253,0,0
1031.7253,0,0
1031.7253,0,0
1031.5812,0,0
1031.5812,0,0
1031.5812,0,0
1031.5812,0,0
1031.5863,0,0
1031.5863,0,0
1031.5863,0,0
1031.5863,0,0
1031.5936,0,0
1031.5936,0,0
1031.5936,0,0
1031.5936,0,0
1031.5902,0,0
1031.5902,0,0
1031.5902,0,0
1031.5902,0,0
1031.3525,0,0
1031.3525,0,0
1031.3525,0,0
1031.3525,0,0
1031.3525,0,0
1031.2681,0,0
1031.2681,0,0
1031.2681,0,0
1031.2681,0,0
1031.2571,0,0
1031.2571,0,0
1031.2571,0,0
1031.2571,0,0
1031.174,0,0
1031.174,0,0
1031.174,0,0
1031.174,0,0
1031.1129,0,0
1031.1129,0,0
1031.1129,0,0
1031.1129,0,0
1031.0637,0,0
1031.0637,0,0
1031.0637,0,0
1031.0637,0,0
1031.2214,0,0
1031.2214,0,0
1031.2214,0,0
1031.2214,0,0
1031.2435,0,0
1031.2435,0,0
1031.2435,0,0
1031.2435,0,0
1031.2435,0,0
1031.0586,0,0
1031.0586,0,0
1031.0586,0,0
1031.0586,0,0
1030.8594,0,0
1030.8594,0,0
1030.8594,0,0
1030.8594,0,0
1030.7979,0,0
1030.7979,0,0
1030.7979,0,0
1030.7979,0,0
1030.9589,0,0
1030.9589,0,0
1030.9589,0,0
1030.9589,0,0
1031.3065,0,0
1031.3065,0,0
1031.3065,0,0
1031.3065,0,0
1031.3896,0,0
1031.3896,0,0
1031.3896,0,0
1031.3896,0,0
1031.134,0,0
1031.134,0,0
1031.134,0,0
1031.134,0,0
1031.134,0,0
1030.8368,0,0
1030.8368,0,0
1030.8368,0,0
1030.8368,0,0
1030.7826,0,0
1030.7826,0,0
1030.7826,0,0
1030.7826,0,0
1030.8131,0,0
1030.8131,0,0
1030.8131,0,0
1030.8131,0,0
1030.7373,0,0
1030.7373,0,0
1030.7373,0,0
1030.7373,0,0
1030.6135,0,0
1030.6135,0,0
1030.6135,0,0
1030.6135,0,0
1030.6636,0,0
1030.6636,0,0
1030.6636,0,0
1030.6636,0,0
1030.9473,0,0
1030.9473,0,0
1030.9473,0,0
1030.9473,0,0
1031.1321,0,0
1031.1321,0,0
1031.1321,0,0
1031.1321,0,0
1031.1321,0,0
1031.0719,0,0
1031.0719,0,0
1031.0719,0,0
1031.0719,0,0
1030.8452,0,0
1030.8452,0,0
1030.8452,0,0
1030.8452,0,0
1030.7605,0,0
1030.7605,0,0
1030.7605,0,0
1030.7605,0,0
1030.8444,0,0
1030.8444,0,0
1030.8444,0,0
1030.8444,0,0
1030.8224,0,0
1030.8224,0,0
1030.8224,0,0
1030.8224,0,0
1030.75,0,0
1030.75,0,0
1030.75,0,0
1030.75,0,0
1030.75,0,0
1030.75,0,0
1030.75,0,0
1030.75,0,0
1030.75,0,0
1031.0553,0,0
1031.0553,0,0
1031.0553,0,0
1031.0553,0,0
1031.3865,0,0
1031.3865,0,0
1031.3865,0,0
1031.3865,0,0
1031.498,0,0
1031.498,0,0
1031.498,0,0
1031.498,0,0
1031.2217,0,0
1031.2217,0,0
1031.2217,0,0
1031.2217,0,0
1031.0818,0,0
1031.0818,0,0
1031.0818,0,0
1031.0818,0,0
1030.989,0,0
1030.989,0,0
1030.989,0,0
1030.989,0,0
1031.1044,0,0
1031.1044,0,0
1031.1044,0,0
1031.1044,0,0
1031.1044,0,0
1031.062,0,0
1031.062,0,0
1031.062,0,0
1031.062,0,0
1031.1985,0,0
1031.1985,0,0
1031.1985,0,0
1031.1985,0,0
1031.0126,0,0
1031.0126,0,0
1031.0126,0,0
1031.0126,0,0
1031.0303,0,0
1031.0303,0,0
1031.0303,0,0
1031.0303,0,0
1031.0863,0,0
1031.0863,0,0
1031.0863,0,0
1031.0863,0,0
1031.2305,0,0
1031.2305,0,0
1031.2305,0,0
1031.2305,0,0
1031.6044,0,0
1031.6044,0,0
1031.6044,0,0
1031.6044,0,0
1031.6044,0,0
1031.8848,0,0
1031.8848,0,0
1031.8848,0,0
1031.8848,0,0
1031.4653,0,0
1031.4653,0,0
1031.4653,0,0
1031.4653,0,0
1031.0618,0,0
1031.0618,0,0
1031.0618,0,0
1031.0618,0,0
1030.9312,0,0
1030.9312,0,0
1030.9312,0,0
1030.9312,0,0
1031.2797,0,0
1031.2797,0,0
1031.2797,0,0
1031.2797,0,0
1031.8486,0,0
1031.8486,0,0
1031.8486,0,0
1031.8486,0,0
1031.2339,0,0
1031.2339,0,0
1031.2339,0,0
1031.2339,0,0
1031.2339,0,0
1030.904,0,0
1030.904,0,0
1030.904,0,0
1030.904,0,0
1031.1736,0,0
1031.1736,0,0
1031.1736,0,0
1031.1736,0,0
1031.1516,0,0
1031.1516,0,0
1031.1516,0,0
1031.1516,0,0
1030.9346,0,0
1030.9346,0,0
1030.9346,0,0
1030.9346,0,0
1030.588,0,0
1030.588,0,0
1030.588,0,0
1030.588,0,0
1030.778,0,0
1030.778,0,0
1030.778,0,0
1030.778,0,0
1031.2104,0,0
1031.2104,0,0
1031.2104,0,0
1031.2104,0,0
1031.2104,0,0
1031.6497,0,0
1031.6497,0,0
1031.6497,0,0
1031.6497,0,0
1031.0264,0,0
1031.0264,0,0
1031.0264,0,0
1031.0264,0,0
1030.7324,0,0
1030.7324,0,0
1030.7324,0,0
1030.7324,0,0
1030.8723,0,0
1030.8723,0,0
1030.8723,0,0
1030.8723,0,0
1030.8656,0,0
1030.8656,0,0
1030.8656,0,0
1030.8656,0,0
1030.6841,0,0
1030.6841,0,0
1030.6841,0,0
1030.6841,0,0
1030.6666,0,0
1030.6666,0,0
1030.6666,0,0
1030.6666,0,0
1030.6666,0,0
1031.1248,0,0
1031.1248,0,0
1031.1248,0,0
1031.1248,0,0
1031.2384,0,0
1031.2384,0,0
1031.2384,0,0
1031.2384,0,0
1031.1909,0,0
1031.1909,0,0
1031.1909,0,0
1031.1909,0,0
1030.6516,0,0
1030.6516,0,0
1030.6516,0,0
1030.6516,0,0
1030.577,0,0
1030.577,0,0
1030.577,0,0
1030.577,0,0
1030.8162,0,0
1030.8162,0,0
1030.8162,0,0
1030.8162,0,0
1030.724,0,0
1030.724,0,0
1030.724,0,0
1030.724,0,0
1030.724,0,0
1030.4502,0,0
1030.4502,0,0
1030.4502,0,0
1030.4502,0,0
1030.2749,0,0
1030.2749,0,0
1030.2749,0,0
1030.2749,0,0
1030.603,0,0
1030.603,0,0
1030.603,0,0
1030.603,0,0
1030.8501,0,0
1030.8501,0,0
1030.8501,0,0
1030.8501,0,0
1030.7543,0,0
1030.7543,0,0
1030.7543,0,0
1030.7543,0,0
1030.9696,0,0
1030.9696,0,0
1030.9696,0,0
1030.9696,0,0
1031.2354,0,0
1031.2354,0,0
1031.2354,0,0
1031.2354,0,0
1031.2285,0,0
1031.2285,0,0
1031.2285,0,0
1031.2285,0,0
1031.2285,0,0
1031.0046,0,0
1031.0046,0,0
1031.0046,0,0
1031.0046,0,0
1030.6215,0,0
1030.6215,0,0
1030.6215,0,0
1030.6215,0,0
1030.4528,0,0
1030.4528,0,0
1030.4528,0,0
1030.4528,0,0
1030.3615,0,0
1030.3615,0,0
1030.3615,0,0
1030.3615,0,0
1030.7244,0,0
1030.7244,0,0
1030.7244,0,0
1030.7244,0,0
1030.6989,0,0
1030.6989,0,0
1030.6989,0,0
1030.6989,0,0
1030.9592,0,0
1030.9592,0,0
1030.9592,0,0
1030.9592,0,0
1030.9592,0,0
1031.1503,0,0
1031.1503,0,0
1031.1503,0,0
1031.1503,0,0
1031.2511,0,0
1031.2511,0,0
1031.2511,0,0
1031.2511,0,0
1031.2104,0,0
1031.2104,0,0
1031.2104,0,0
1031.2104,0,0
1030.6401,0,0
1030.6401,0,0
1030.6401,0,0
1030.6401,0,0
1030.4019,0,0
1030.4019,0,0
1030.4019,0,0
1030.4019,0,0
1030.6172,0,0
1030.6172,0,0
1030.6172,0,0
1030.6172,0,0
1031.0134,0,0
1031.0134,0,0
1031.0134,0,0
1031.0134,0,0
1031.0134,0,0
1031.2568,0,0
1031.2568,0,0
1031.2568,0,0
1031.2568,0,0
1030.754,0,0
1030.754,0,0
1030.754,0,0
1030.754,0,0
1030.6416,0,0
1030.6416,0,0
1030.6416,0,0
1030.6416,0,0
1030.9264,0,0
1030.9264,0,0
1030.9264,0,0
1030.9264,0,0
1031.0358,0,0
1031.0358,0,0
1031.0358,0,0
1031.0358,0,0
1030.7775,0,0
1030.7775,0,0
1030.7775,0,0
1030.7775,0,0
1030.3612,0,0
1030.3612,0,0
1030.3612,0,0
1030.3612,0,0
1030.3612,0,0
1030.4791,0,0
1030.4791,0,0
1030.4791,0,0
1030.4791,0,0
1030.9395,0,0
1030.9395,0,0
1030.9395,0,0
1030.9395,0,0
1031.4363,0,0
1031.4363,0,0
1031.4363,0,0
1031.4363,0,0
1030.8524,0,0
1030.8524,0,0
1030.8524,0,0
1030.8524,0,0
1030.6575,0,0
1030.6575,0,0
1030.6575,0,0
1030.6575,0,0
1031.0499,0,0
1031.0499,0,0
1031.0499,0,0
1031.0499,0,0
1031.0364,0,0
1031.0364,0,0
1031.0364,0,0
1031.0364,0,0
1031.0364,0,0
1030.7854,0,0
1030.7854,0,0
1030.7854,0,0
1030.7854,0,0
1030.122,0,0
1030.122,0,0
1030.122,0,0
1030.122,0,0
1030.1998,0,0
1030.1998,0,0
1030.1998,0,0
1030.1998,0,0
1030.2909,0,0
1030.2909,0,0
1030.2909,0,0
1030.2909,0,0
1030.8369,0,0
1030.8369,0,0
1030.8369,0,0
1030.8369,0,0
1030.7766,0,0
1030.7766,0,0
1030.7766,0,0
1030.7766,0,0
1030.9075,0,0
1030.9075,0,0
1030.9075,0,0
1030.9075,0,0
1030.9075,0,0
1030.9143,0,0
1030.9143,0,0
1030.9143,0,0
1030.9143,0,0
1030.955,0,0
1030.955,0,0
1030.955,0,0
1030.955,0,0
1030.6941,0,0
1030.6941,0,0
1030.6941,0,0
1030.6941,0,0
1030.679,0,0
1030.679,0,0
1030.679,0,0
1030.679,0,0
1030.6772,0,0
1030.6772,0,0
1030.6772,0,0
1030.6772,0,0
1030.8191,0,0
1030.8191,0,0
1030.8191,0,0
1030.8191,0,0
1031.048,0,0
1031.048,0,0
1031.048,0,0
1031.048,0,0
1031.048,0,0
1030.8165,0,0
1030.8165,0,0
1030.8165,0,0
1030.8165,0,0
1030.9437,0,0
1030.9437,0,0
1030.9437,0,0
1030.9437,0,0
1031.0852,0,0
1031.0852,0,0
1031.0852,0,0
1031.0852,0,0
1031.0618,0,0
1031.0618,0,0
1031.0618,0,0
1031.0618,0,0
1031.007,0,0
1031.007,0,0
1031.007,0,0
1031.007,0,0
1030.4305,0,0
1030.4305,0,0
1030.4305,0,0
1030.4305,0,0
1030.3121,0,0
1030.3121,0,0
1030.3121,0,0
1030.3121,0,0
1030.6512,0,0
1030.6512,0,0
1030.6512,0,0
1030.6512,0,0
1030.6512,0,0
1030.9921,0,0
1030.9921,0,0
1030.9921,0,0
1030.9921,0,0
1031.2294,0,0
1031.2294,0,0
1031.2294,0,0
1031.2294,0,0
1030.625,0,0
1030.625,0,0
1030.625,0,0
1030.625,0,0
1030.3802,0,0
1030.3802,0,0
1030.3802,0,0
1030.3802,0,0
1030.4625,0,0
1030.4625,0,0
1030.4625,0,0
1030.4625,0,0
1030.6049,0,0
1030.6049,0,0
1030.6049,0,0
1030.6049,0,0
1030.5846,0,0
1030.5846,0,0
1030.5846,0,0
1030.5846,0,0
1030.5846,0,0
1030.2878,0,0
1030.2878,0,0
1030.2878,0,0
1030.2878,0,0
1030.4684,0,0
1030.4684,0,0
1030.4684,0,0
1030.4684,0,0
1030.9227,0,0
1030.9227,0,0
1030.9227,0,0
1030.9227,0,0
1031.1075,0,0
1031.1075,0,0
1031.1075,0,0
1031.1075,0,0
1031.0256,0,0
1031.0256,0,0
1031.0256,0,0
1031.0256,0,0
1030.3834,0,0
1030.3834,0,0
1030.3834,0,0
1030.3834,0,0
1030.352,0,0
1030.352,0,0
1030.352,0,0
1030.352,0,0
1030.352,0,0
1030.8064,0,0
1030.8064,0,0
1030.8064,0,0
1030.8064,0,0
1030.7148,0,0
1030.7148,0,0
1030.7148,0,0
1030.7148,0,0
1030.3464,0,0
1030.3464,0,0
1030.3464,0,0
1030.3464,0,0
1030.1489,0,0
1030.1489,0,0
1030.1489,0,0
1030.1489,0,0
1030.2925,0,0
1030.2925,0,0
1030.2925,0,0
1030.2925,0,0
1030.8883,0,0
1030.8883,0,0
1030.8883,0,0
1030.8883,0,0
1031.3303,0,0
1031.3303,0,0
1031.3303,0,0
1031.3303,0,0
1031.3303,0,0
1030.7258,0,0
1030.7258,0,0
1030.7258,0,0
1030.7258,0,0
1030.3359,0,0
1030.3359,0,0
1030.3359,0,0
1030.3359,0,0
1030.5394,0,0
1030.5394,0,0
1030.5394,0,0
1030.5394,0,0
1030.7021,0,0
1030.7021,0,0
1030.7021,0,0
1030.7021,0,0
1030.6792,0,0
1030.6792,0,0
1030.6792,0,0
1030.6792,0,0
1030.2104,0,0
1030.2104,0,0
1030.2104,0,0
1030.2104,0,0
1030.1973,0,0
1030.1973,0,0
1030.1973,0,0
1030.1973,0,0
1030.1973,0,0
1030.6456,0,0
1030.6456,0,0
1030.6456,0,0
1030.6456,0,0
1031.0424,0,0
1031.0424,0,0
1031.0424,0,0
1031.0424,0,0
1030.9977,0,0
1030.9977,0,0
1030.9977,0,0
1030.9977,0,0
1030.9418,0,0
1030.9418,0,0
1030.9418,0,0
1030.9418,0,0
1030.1891,0,0
1030.1891,0,0
1030.1891,0,0
1030.1891,0,0
1030.1627,0,0
1030.1627,0,0
1030.1627,0,0
1030.1627,0,0
1030.2979,0,0
1030.2979,0,0
1030.2979,0,0
1030.2979,0,0
1030.2979,0,0
1030.4335,0,0
1030.4335,0,0
1030.4335,0,0
1030.4335,0,0
1030.1986,0,0
1030.1986,0,0
1030.1986,0,0
1030.1986,0,0
1030.2902,0,0
1030.2902,0,0
1030.2902,0,0
1030.2902,0,0
1030.2902,0,0
1030.2902,0,0
1030.2902,0,0
1030.2902,0,0
1030.3303,0,0
1030.3303,0,0
1030.3303,0,0
1030.3303,0,0
1030.9551,0,0
1030.9551,0,0
1030.9551,0,0
1030.9551,0,0
1030.5702,0,0
1030.5702,0,0
1030.5702,0,0
1030.5702,0,0
1030.5702,0,0
1030.5405,0,0
1030.5405,0,0
1030.5405,0,0
1030.5405,0,0
1030.5498,0,0
1030.5498,0,0
1030.5498,0,0
1030.5498,0,0
1030.7524,0,0
1030.7524,0,0
1030.7524,0,0
1030.7524,0,0
1030.6993,0,0
1030.6993,0,0
1030.6993,0,0
1030.6993,0,0
1030.2043,0,0
1030.2043,0,0
1030.2043,0,0
1030.2043,0,0
1030.1399,0,0
1030.1399,0,0
1030.1399,0,0
1030.1399,0,0
1030.4137,0,0
1030.4137,0,0
1030.4137,0,0
1030.4137,0,0
1030.4137,0,0
1030.7239,0,0
1030.7239,0,0
1030.7239,0,0
1030.7239,0,0
1031.163,0,0
1031.163,0,0
1031.163,0,0
1031.163,0,0
1030.4707,0,0
1030.4707,0,0
1030.4707,0,0
1030.4707,0,0
1030.0945,0,0
1030.0945,0,0
1030.0945,0,0
1030.0945,0,0
1030.3123,0,0
1030.3123,0,0
1030.3123,0,0
1030.3123,0,0
1030.3253,0,0
1030.3253,0,0
1030.3253,0,0
1030.3253,0,0
1030.2439,0,0
1030.2439,0,0
1030.2439,0,0
1030.2439,0,0
1029.9049,0,0
1029.9049,0,0
1029.9049,0,0
1029.9049,0,0
1029.9049,0,0
1030.0685,0,0
1030.0685,0,0
1030.0685,0,0
1030.0685,0,0
1030.6567,0,0
1030.6567,0,0
1030.6567,0,0
1030.6567,0,0
1030.9093,0,0
1030.9093,0,0
1030.9093,0,0
1030.9093,0,0
1030.5278,0,0
1030.5278,0,0
1030.5278,0,0
1030.5278,0,0
1030.0933,0,0
1030.0933,0,0
1030.0933,0,0
1030.0933,0,0
1030.1934,0,0
1030.1934,0,0
1030.1934,0,0
1030.1934,0,0
1030.3586,0,0
1030.3586,0,0
1030.3586,0,0
1030.3586,0,0
1030.3586,0,0
1030.5281,0,0
1030.5281,0,0
1030.5281,0,0
1030.5281,0,0
1030.3722,0,0
1030.3722,0,0
1030.3722,0,0
1030.3722,0,0
1030.1577,0,0
1030.1577,0,0
1030.1577,0,0
1030.1577,0,0
1030.5137,0,0
1030.5137,0,0
1030.5137,0,0
1030.5137,0,0
1030.9963,0,0
1030.9963,0,0
1030.9963,0,0
1030.9963,0,0
1031.1827,0,0
1031.1827,0,0
1031.1827,0,0
1031.1827,0,0
1030.4979,0,0
1030.4979,0,0
1030.4979,0,0
1030.4979,0,0
1030.4979,0,0
1030.0936,0,0
1030.0936,0,0
1030.0936,0,0
1030.0936,0,0
1030.2021,0,0
1030.2021,0,0
1030.2021,0,0
1030.2021,0,0
1030.4033,0,0
1030.4033,0,0
1030.4033,0,0
1030.4033,0,0
1030.2338,0,0
1030.2338,0,0
1030.2338,0,0
1030.2338,0,0
1030.0558,0,0
1030.0558,0,0
1030.0558,0,0
1030.0558,0,0
1030.0354,0,0
1030.0354,0,0
1030.0354,0,0
1030.0354,0,0
1030.3541,0,0
1030.3541,0,0
1030.3541,0,0
1030.3541,0,0
1030.3541,0,0
1030.9635,0,0
1030.9635,0,0
1030.9635,0,0
1030.9635,0,0
1031.5823,0,0
1031.5823,0,0
1031.5823,0,0
1031.5823,0,0
1030.7664,0,0
1030.7664,0,0
1030.7664,0,0
1030.7664,0,0
1030.2585,0,0
1030.2585,0,0
1030.2585,0,0
1030.2585,0,0
1030.1785,0,0
1030.1785,0,0
1030.1785,0,0
1030.1785,0,0
1030.3344,0,0
1030.3344,0,0
1030.3344,0,0
1030.3344,0,0
1030.2026,0,0
1030.2026,0,0
1030.2026,0,0
1030.2026,0,0
1030.2026,0,0
1029.9089,0,0
1029.9089,0,0
1029.9089,0,0
1029.9089,0,0
1030.0038,0,0
1030.0038,0,0
1030.0038,0,0
1030.0038,0,0
1030.1368,0,0
1030.1368,0,0
1030.1368,0,0
1030.1368,0,0
1030.581,0,0
1030.581,0,0
1030.581,0,0
1030.581,0,0
1030.4598,0,0
1030.4598,0,0
1030.4598,0,0
1030.4598,0,0
1030.3174,0,0
1030.3174,0,0
1030.3174,0,0
1030.3174,0,0
1030.3928,0,0
1030.3928,0,0
1030.3928,0,0
1030.3928,0,0
1030.3928,0,0
1030.4309,0,0
1030.4309,0,0
1030.4309,0,0
1030.4309,0,0
1030.4779,0,0
1030.4779,0,0
1030.4779,0,0
1030.4779,0,0
1030.0795,0,0
1030.0795,0,0
1030.0795,0,0
1030.0795,0,0
1029.9679,0,0
1029.9679,0,0
1029.9679,0,0
1029.9679,0,0
1030.3934,0,0
1030.3934,0,0
1030.3934,0,0
1030.3934,0,0
1030.8206,0,0
1030.8206,0,0
1030.8206,0,0
1030.8206,0,0
1031.1384,0,0
1031.1384,0,0
1031.1384,0,0
1031.1384,0,0
1031.1384,0,0
1030.4121,0,0
1030.4121,0,0
1030.4121,0,0
1030.4121,0,0
1029.9476,0,0
1029.9476,0,0
1029.9476,0,0
1029.9476,0,0
1030.1366,0,0
1030.1366,0,0
1030.1366,0,0
1030.1366,0,0
1030.4022,0,0
1030.4022,0,0
1030.4022,0,0
1030.4022,0,0
1030.4412,0,0
1030.4412,0,0
1030.4412,0,0
1030.4412,0,0
1029.975,0,0
1029.975,0,0
1029.975,0,0
1029.975,0,0
1029.9513,0,0
1029.9513,0,0
1029.9513,0,0
1029.9513,0,0
1030.4792,0,0
1030.4792,0,0
1030.4792,0,0
1030.4792,0,0
1030.4792,0,0
1030.9836,0,0
1030.9836,0,0
1030.9836,0,0
1030.9836,0,0
1030.4954,0,0
1030.4954,0,0
1030.4954,0,0
1030.4954,0,0
1030.0326,0,0
1030.0326,0,0
1030.0326,0,0
1030.0326,0,0
1030.214,0,0
1030.214,0,0
1030.214,0,0
1030.214,0,0
1030.3767,0,0
1030.3767,0,0
1030.3767,0,0
1030.3767,0,0
1030.2378,0,0
1030.2378,0,0
1030.2378,0,0
1030.2378,0,0
1029.8623,0,0
1029.8623,0,0
1029.8623,0,0
1029.8623,0,0
1029.8623,0,0
1029.7703,0,0
1029.7703,0,0
1029.7703,0,0
1029.7703,0,0
1030.281,0,0
1030.281,0,0
1030.281,0,0
1030.281,0,0
1030.5217,0,0
1030.5217,0,0
1030.5217,0,0
1030.5217,0,0
1030.9065,0,0
1030.9065,0,0
1030.9065,0,0
1030.9065,0,0
1030.2402,0,0
1030.2402,0,0
1030.2402,0,0
1030.2402,0,0
1029.8877,0,0
1029.8877,0,0
1029.8877,0,0
1029.8877,0,0
1030.0792,0,0
1030.0792,0,0
1030.0792,0,0
1030.0792,0,0
1030.0792,0,0
1030.2385,0,0
1030.2385,0,0
1030.2385,0,0
1030.2385,0,0
1030.3973,0,0
1030.3973,0,0
1030.3973,0,0
1030.3973,0,0
1030.2584,0,0
1030.2584,0,0
1030.2584,0,0
1030.2584,0,0
1030.0957,0,0
1030.0957,0,0
1030.0957,0,0
1030.0957,0,0
1030.2965,0,0
1030.2965,0,0
1030.2965,0,0
1030.2965,0,0
1030.6559,0,0
1030.6559,0,0
1030.6559,0,0
1030.6559,0,0
1030.5372,0,0
1030.5372,0,0
1030.5372,0,0
1030.5372,0,0
1030.5372,0,0
1029.9202,0,0
1029.9202,0,0
1029.9202,0,0
1029.9202,0,0
1029.8389,0,0
1029.8389,0,0
1029.8389,0,0
1029.8389,0,0
1030.0016,0,0
1030.0016,0,0
1030.0016,0,0
1030.0016,0,0
1030.0702,0,0
1030.0702,0,0
1030.0702,0,0
1030.0702,0,0
1029.9646,0,0
1029.9646,0,0
1029.9646,0,0
1029.9646,0,0
1029.7142,0,0
1029.7142,0,0
1029.7142,0,0
1029.7142,0,0
1029.7849,0,0
1029.7849,0,0
1029.7849,0,0
1029.7849,0,0
1029.7849,0,0
1029.7747,0,0
1029.7747,0,0
1029.7747,0,0
1029.7747,0,0
1030.012,0,0
1030.012,0,0
1030.012,0,0
1030.012,0,0
1030.4248,0,0
1030.4248,0,0
1030.4248,0,0
1030.4248,0,0
1030.4451,0,0
1030.4451,0,0
1030.4451,0,0
1030.4451,0,0
1030.5781,0,0
1030.5781,0,0
1030.5781,0,0
1030.5781,0,0
1030.546,0,0
1030.546,0,0
1030.546,0,0
1030.546,0,0
1030.5104,0,0
1030.5104,0,0
1030.5104,0,0
1030.5104,0,0
1030.5104,0,0
1030.3545,0,0
1030.3545,0,0
1030.3545,0,0
1030.3545,0,0
1030.0883,0,0
1030.0883,0,0
1030.0883,0,0
1030.0883,0,0
1029.734,0,0
1029.734,0,0
1029.734,0,0
1029.734,0,0
1029.6414,0,0
1029.6414,0,0
1029.6414,0,0
1029.6414,0,0
1029.9973,0,0
1029.9973,0,0
1029.9973,0,0
1029.9973,0,0
1030.1357,0,0
1030.1357,0,0
1030.1357,0,0
1030.1357,0,0
1030.563,0,0
1030.563,0,0
1030.563,0,0
1030.563,0,0
1030.563,0,0
1030.1533,0,0
1030.1533,0,0
1030.1533,0,0
1030.1533,0,0
1029.9951,0,0
1029.9951,0,0
1029.9951,0,0
1029.9951,0,0
1030.129,0,0
1030.129,0,0
1030.129,0,0
1030.129,0,0
1030.316,0,0
1030.316,0,0
1030.316,0,0
1030.316,0,0
1030.1603,0,0
1030.1603,0,0
1030.1603,0,0
1030.1603,0,0
1030.1561,0,0
1030.1561,0,0
1030.1561,0,0
1030.1561,0,0
1029.8086,0,0
1029.8086,0,0
1029.8086,0,0
1029.8086,0,0
1029.9586,0,0
1029.9586,0,0
1029.9586,0,0
1029.9586,0,0
1029.9586,0,0
1030.5027,0,0
1030.5027,0,0
1030.5027,0,0
1030.5027,0,0
1030.4722,0,0
1030.4722,0,0
1030.4722,0,0
1030.4722,0,0
1030.2722,0,0
1030.2722,0,0
1030.2722,0,0
1030.2722,0,0
1029.7738,0,0
1029.7738,0,0
1029.7738,0,0
1029.7738,0,0
1029.6958,0,0
1029.6958,0,0
1029.6958,0,0
1029.6958,0,0
1029.8993,0,0
1029.8993,0,0
1029.8993,0,0
1029.8993,0,0
1029.967,0,0
1029.967,0,0
1029.967,0,0
1029.967,0,0
1029.967,0,0
1030.0654,0,0
1030.0654,0,0
1030.0654,0,0
1030.0654,0,0
1029.7755,0,0
1029.7755,0,0
1029.7755,0,0
1029.7755,0,0
1029.6332,0,0
1029.6332,0,0
1029.6332,0,0
1029.6332,0,0
1030.1536,0,0
1030.1536,0,0
1030.1536,0,0
1030.1536,0,0
1030.5435,0,0
1030.5435,0,0
1030.5435,0,0
1030.5435,0,0
1030.8586,0,0
1030.8586,0,0
1030.8586,0,0
1030.8586,0,0
1030.162,0,0
1030.162,0,0
1030.162,0,0
1030.162,0,0
1030.162,0,0
1029.7823,0,0
1029.7823,0,0
1029.7823,0,0
1029.7823,0,0
1029.9156,0,0
1029.9156,0,0
1029.9156,0,0
1029.9156,0,0
1030.0682,0,0
1030.0682,0,0
1030.0682,0,0
1030.0682,0,0
1030.0214,0,0
1030.0214,0,0
1030.0214,0,0
1030.0214,0,0
1029.9094,0,0
1029.9094,0,0
1029.9094,0,0
1029.9094,0,0
1029.7162,0,0
1029.7162,0,0
1029.7162,0,0
1029.7162,0,0
1029.9374,0,0
1029.9374,0,0
1029.9374,0,0
1029.9374,0,0
1029.9374,0,0
1030.3518,0,0
1030.3518,0,0
1030.3518,0,0
1030.3518,0,0
1030.6282,0,0
1030.6282,0,0
1030.6282,0,0
1030.6282,0,0
1030.4543,0,0
1030.4543,0,0
1030.4543,0,0
1030.4543,0,0
1029.8967,0,0
1029.8967,0,0
1029.8967,0,0
1029.8967,0,0
1029.834,0,0
1029.834,0,0
1029.834,0,0
1029.834,0,0
1029.9171,0,0
1029.9171,0,0
1029.9171,0,0
1029.9171,0,0
1029.9492,0,0
1029.9492,0,0
1029.9492,0,0
1029.9492,0,0
1029.9492,0,0
1029.7246,0,0
1029.7246,0,0
1029.7246,0,0
1029.7246,0,0
1029.7628,0,0
1029.7628,0,0
1029.7628,0,0
1029.7628,0,0
1029.8748,0,0
1029.8748,0,0
1029.8748,0,0
1029.8748,0,0
1030.0968,0,0
1030.0968,0,0
1030.0968,0,0
1030.0968,0,0
1030.0951,0,0
1030.0951,0,0
1030.0951,0,0
1030.0951,0,0
1030.001,0,0
1030.001,0,0
1030.001,0,0
1030.001,0,0
1029.9374,0,0
1029.9374,0,0
1029.9374,0,0
1029.9374,0,0
1029.9374,0,0
1029.9188,0,0
1029.9188,0,0
1029.9188,0,0
1029.9188,0,0
1029.7078,0,0
1029.7078,0,0
1029.7078,0,0
1029.7078,0,0
1029.9374,0,0
1029.9374,0,0
1029.9374,0,0
1029.9374,0,0
1030.2129,0,0
1030.2129,0,0
1030.2129,0,0
1030.2129,0,0
1030.5569,0,0
1030.5569,0,0
1030.5569,0,0
1030.5569,0,0
1030.5022,0,0
1030.5022,0,0
1030.5022,0,0
1030.5022,0,0
1030.1755,0,0
1030.1755,0,0
1030.1755,0,0
1030.1755,0,0
1030.1755,0,0
1029.6263,0,0
1029.6263,0,0
1029.6263,0,0
1029.6263,0,0
1029.6925,0,0
1029.6925,0,0
1029.6925,0,0
1029.6925,0,0
1029.7501,0,0
1029.7501,0,0
1029.7501,0,0
1029.7501,0,0
1029.918,0,0
1029.918,0,0
1029.918,0,0
1029.918,0,0
1029.4924,0,0
1029.4924,0,0
1029.4924,0,0
1029.4924,0,0
1029.456,0,0
1029.456,0,0
1029.456,0,0
1029.456,0,0
1029.728,0,0
1029.728,0,0
1029.728,0,0
1029.728,0,0
1029.9281,0,0
1029.9281,0,0
1029.9281,0,0
1029.9281,0,0
1029.9281,0,0
1029.906,0,0
1029.906,0,0
1029.906,0,0
1029.906,0,0
1029.3647,0,0
1029.3647,0,0
1029.3647,0,0
1029.3647,0,0
1029.2942,0,0
1029.2942,0,0
1029.2942,0,0
1029.2942,0,0
1029.6569,0,0
1029.6569,0,0
1029.6569,0,0
1029.6569,0,0
1029.9468,0,0
1029.9468,0,0
1029.9468,0,0
1029.9468,0,0
1029.9077,0,0
1029.9077,0,0
1029.9077,0,0
1029.9077,0,0
1029.8645,0,0
1029.8645,0,0
1029.8645,0,0
1029.8645,0,0
1029.8645,0,0
1029.6704,0,0
1029.6704,0,0
1029.6704,0,0
1029.6704,0,0
1029.956,0,0
1029.956,0,0
1029.956,0,0
1029.956,0,0
1030.312,0,0
1030.312,0,0
1030.312,0,0
1030.312,0,0
1030.7799,0,0
1030.7799,0,0
1030.7799,0,0
1030.7799,0,0
1030.1357,0,0
1030.1357,0,0
1030.1357,0,0
1030.1357,0,0
1029.8239,0,0
1029.8239,0,0
1029.8239,0,0
1029.8239,0,0
1029.906,0,0
1029.906,0,0
1029.906,0,0
1029.906,0,0
1029.906,0,0
1029.8671,0,0
1029.8671,0,0
1029.8671,0,0
1029.8671,0,0
1029.8569,0,0
1029.8569,0,0
1029.8569,0,0
1029.8569,0,0
1029.5925,0,0
1029.5925,0,0
1029.5925,0,0
1029.5925,0,0
1029.5739,0,0
1029.5739,0,0
1029.5739,0,0
1029.5739,0,0
1029.9247,0,0
1029.9247,0,0
1029.9247,0,0
1029.9247,0,0
1030.1349,0,0
1030.1349,0,0
1030.1349,0,0
1030.1349,0,0
1030.2172,0,0
1030.2172,0,0
1030.2172,0,0
1030.2172,0,0
1030.2172,0,0
1029.6416,0,0
1029.6416,0,0
1029.6416,0,0
1029.6416,0,0
1029.4739,0,0
1029.4739,0,0
1029.4739,0,0
1029.4739,0,0
1029.8043,0,0
1029.8043,0,0
1029.8043,0,0
1029.8043,0,0
1029.8739,0,0
1029.8739,0,0
1029.8739,0,0
1029.8739,0,0
1029.7585,0,0
1029.7585,0,0
1029.7585,0,0
1029.7585,0,0
1029.3112,0,0
1029.3112,0,0
1029.3112,0,0
1029.3112,0,0
1029.4451,0,0
1029.4451,0,0
1029.4451,0,0
1029.4451,0,0
1029.4451,0,0
1029.5205,0,0
1029.5205,0,0
1029.5205,0,0
1029.5205,0,0
1029.9137,0,0
1029.9137,0,0
1029.9137,0,0
1029.9137,0,0
1029.8307,0,0
1029.8307,0,0
1029.8307,0,0
1029.8307,0,0
1029.9425,0,0
1029.9425,0,0
1029.9425,0,0
1029.9425,0,0
1029.89,0,0
1029.89,0,0
1029.89,0,0
1029.89,0,0
1030.1172,0,0
1030.1172,0,0
1030.1172,0,0
1030.1172,0,0
1029.8069,0,0
1029.8069,0,0
1029.8069,0,0
1029.8069,0,0
1029.8069,0,0
1029.5171,0,0
1029.5171,0,0
1029.5171,0,0
1029.5171,0,0
1029.5077,0,0
1029.5077,0,0
1029.5077,0,0
1029.5077,0,0
1029.8748,0,0
1029.8748,0,0
1029.8748,0,0
1029.8748,0,0
1029.801,0,0
1029.801,0,0
1029.801,0,0
1029.801,0,0
1029.8765,0,0
1029.8765,0,0
1029.8765,0,0
1029.8765,0,0
1030.1366,0,0
1030.1366,0,0
1030.1366,0,0
1030.1366,0,0
1030.1467,0,0
1030.1467,0,0
1030.1467,0,0
1030.1467,0,0
1030.1467,0,0
1030.1346,0,0
1030.1346,0,0
1030.1346,0,0
1030.1346,0,0
1029.5594,0,0
1029.5594,0,0
1029.5594,0,0
1029.5594,0,0
1029.487,0,0
1029.487,0,0
1029.487,0,0
1029.487,0,0
1029.7957,0,0
1029.7957,0,0
1029.7957,0,0
1029.7957,0,0
1029.9008,0,0
1029.9008,0,0
1029.9008,0,0
1029.9008,0,0
1030.1211,0,0
1030.1211,0,0
1030.1211,0,0
1030.1211,0,0
1029.4922,0,0
1029.4922,0,0
1029.4922,0,0
1029.4922,0,0
1029.4922,0,0
1029.3826,0,0
1029.3826,0,0
1029.3826,0,0
1029.3826,0,0
1029.5859,0,0
1029.5859,0,0
1029.5859,0,0
1029.5859,0,0
1029.6292,0,0
1029.6292,0,0
1029.6292,0,0
1029.6292,0,0
1029.5724,0,0
1029.5724,0,0
1029.5724,0,0
1029.5724,0,0
1029.2944,0,0
1029.2944,0,0
1029.2944,0,0
1029.2944,0,0
1029.3978,0,0
1029.3978,0,0
1029.3978,0,0
1029.3978,0,0
1029.9877,0,0
1029.9877,0,0
1029.9877,0,0
1029.9877,0,0
1030.0742,0,0
1030.0742,0,0
1030.0742,0,0
1030.0742,0,0
1030.0742,0,0
1029.9012,0,0
1029.9012,0,0
1029.9012,0,0
1029.9012,0,0
1029.3894,0,0
1029.3894,0,0
1029.3894,0,0
1029.3894,0,0
1029.352,0,0
1029.352,0,0
1029.352,0,0
1029.352,0,0
1029.5504,0,0
1029.5504,0,0
1029.5504,0,0
1029.5504,0,0
1029.5309,0,0
1029.5309,0,0
1029.5309,0,0
1029.5309,0,0
1029.5131,0,0
1029.5131,0,0
1029.5131,0,0
1029.5131,0,0
1029.2037,0,0
1029.2037,0,0
1029.2037,0,0
1029.2037,0,0
1029.2037,0,0
1029.3131,0,0
1029.3131,0,0
1029.3131,0,0
1029.3131,0,0
1029.8649,0,0
1029.8649,0,0
1029.8649,0,0
1029.8649,0,0
1029.9468,0,0
1029.9468,0,0
1029.9468,0,0
1029.9468,0,0
1029.7546,0,0
1029.7546,0,0
1029.7546,0,0
1029.7546,0,0
1029.2882,0,0
1029.2882,0,0
1029.2882,0,0
1029.2882,0,0
1029.3654,0,0
1029.3654,0,0
1029.3654,0,0
1029.3654,0,0
1029.5857,0,0
1029.5857,0,0
1029.5857,0,0
1029.5857,0,0
1029.5857,0,0
1029.6162,0,0
1029.6162,0,0
1029.6162,0,0
1029.6162,0,0
1029.2941,0,0
1029.2941,0,0
1029.2941,0,0
1029.2941,0,0
1029.2814,0,0
1029.2814,0,0
1029.2814,0,0
1029.2814,0,0
1029.5814,0,0
1029.5814,0,0
1029.5814,0,0
1029.5814,0,0
1029.8544,0,0
1029.8544,0,0
1029.8544,0,0
1029.8544,0,0
1030.1261,0,0
1030.1261,0,0
1030.1261,0,0
1030.1261,0,0
1029.449,0,0
1029.449,0,0
1029.449,0,0
1029.449,0,0
1029.449,0,0
1029.254,0,0
1029.254,0,0
1029.254,0,0
1029.254,0,0
1029.3336,0,0
1029.3336,0,0
1029.3336,0,0
1029.3336,0,0
1029.4896,0,0
1029.4896,0,0
1029.4896,0,0
1029.4896,0,0
1029.2952,0,0
1029.2952,0,0
1029.2952,0,0
1029.2952,0,0
1029.2799,0,0
1029.2799,0,0
1029.2799,0,0
1029.2799,0,0
1029.3096,0,0
1029.3096,0,0
1029.3096,0,0
1029.3096,0,0
1029.6223,0,0
1029.6223,0,0
1029.6223,0,0
1029.6223,0,0
1029.6223,0,0
1029.9843,0,0
1029.9843,0,0
1029.9843,0,0
1029.9843,0,0
1029.7385,0,0
1029.7385,0,0
1029.7385,0,0
1029.7385,0,0
1029.8741,0,0
1029.8741,0,0
1029.8741,0,0
1029.8741,0,0
1029.975,0,0
1029.975,0,0
1029.975,0,0
1029.975,0,0
1029.9874,0,0
1029.9874,0,0
1029.9874,0,0
1029.9874,0,0
1030.1044,0,0
1030.1044,0,0
1030.1044,0,0
1030.1044,0,0
1029.5653,0,0
1029.5653,0,0
1029.5653,0,0
1029.5653,0,0
1029.5653,0,0
1029.2969,0,0
1029.2969,0,0
1029.2969,0,0
1029.2969,0,0
1029.441,0,0
1029.441,0,0
1029.441,0,0
1029.441,0,0
1029.6427,0,0
1029.6427,0,0
1029.6427,0,0
1029.6427,0,0
1029.906,0,0
1029.906,0,0
1029.906,0,0
1029.906,0,0
1029.5331,0,0
1029.5331,0,0
1029.5331,0,0
1029.5331,0,0
1029.089,0,0
1029.089,0,0
1029.089,0,0
1029.089,0,0
1029.3263,0,0
1029.3263,0,0
1029.3263,0,0
1029.3263,0,0
1029.3263,0,0
1029.6771,0,0
1029.6771,0,0
1029.6771,0,0
1029.6771,0,0
1029.6018,0,0
1029.6018,0,0
1029.6018,0,0
1029.6018,0,0
1029.5814,0,0
1029.5814,0,0
1029.5814,0,0
1029.5814,0,0
1029.1666,0,0
1029.1666,0,0
1029.1666,0,0
1029.1666,0,0
1029.1406,0,0
1029.1406,0,0
1029.1406,0,0
1029.1406,0,0
1029.4712,0,0
1029.4712,0,0
1029.4712,0,0
1029.4712,0,0
1029.6412,0,0
1029.6412,0,0
1029.6412,0,0
1029.6412,0,0
1029.4557,0,0
1029.4557,0,0
1029.4557,0,0
1029.4557,0,0
1029.4557,0,0
1029.0183,0,0
1029.0183,0,0
1029.0183,0,0
1029.0183,0,0
1029.1963,0,0
1029.1963,0,0
1029.1963,0,0
1029.1963,0,0
1029.446,0,0
1029.446,0,0
1029.446,0,0
1029.446,0,0
1029.4375,0,0
1029.4375,0,0
1029.4375,0,0
1029.4375,0,0
1029.3859,0,0
1029.3859,0,0
1029.3859,0,0
1029.3859,0,0
1029.0942,0,0
1029.0942,0,0
1029.0942,0,0
1029.0942,0,0
1029.3147,0,0
1029.3147,0,0
1029.3147,0,0
1029.3147,0,0
1029.3147,0,0
1029.7216,0,0
1029.7216,0,0
1029.7216,0,0
1029.7216,0,0
1029.8475,0,0
1029.8475,0,0
1029.8475,0,0
1029.8475,0,0
1029.2451,0,0
1029.2451,0,0
1029.2451,0,0
1029.2451,0,0
1029.0422,0,0
1029.0422,0,0
1029.0422,0,0
1029.0422,0,0
1029.2627,0,0
1029.2627,0,0
1029.2627,0,0
1029.2627,0,0
1029.31,0,0
1029.31,0,0
1029.31,0,0
1029.31,0,0
1029.2728,0,0
1029.2728,0,0
1029.2728,0,0
1029.2728,0,0
1029.2728,0,0
1029.149,0,0
1029.149,0,0
1029.149,0,0
1029.149,0,0
1029.3517,0,0
1029.3517,0,0
1029.3517,0,0
1029.3517,0,0
1029.489,0,0
1029.489,0,0
1029.489,0,0
1029.489,0,0
1029.9357,0,0
1029.9357,0,0
1029.9357,0,0
1029.9357,0,0
1029.3898,0,0
1029.3898,0,0
1029.3898,0,0
1029.3898,0,0
1029.1144,0,0
1029.1144,0,0
1029.1144,0,0
1029.1144,0,0
1029.2784,0,0
1029.2784,0,0
1029.2784,0,0
1029.2784,0,0
1029.2784,0,0
1029.5187,0,0
1029.5187,0,0
1029.5187,0,0
1029.5187,0,0
1029.3954,0,0
1029.3954,0,0
1029.3954,0,0
1029.3954,0,0
1029.3513,0,0
1029.3513,0,0
1029.3513,0,0
1029.3513,0,0
1029.3641,0,0
1029.3641,0,0
1029.3641,0,0
1029.3641,0,0
1029.3777,0,0
1029.3777,0,0
1029.3777,0,0
1029.3777,0,0
1029.6047,0,0
1029.6047,0,0
1029.6047,0,0
1029.6047,0,0
1029.3947,0,0
1029.3947,0,0
1029.3947,0,0
1029.3947,0,0
1029.3947,0,0
1029.554,0,0
1029.554,0,0
1029.554,0,0
1029.554,0,0
1029.6714,0,0
1029.6714,0,0
1029.6714,0,0
1029.6714,0,0
1029.5918,0,0
1029.5918,0,0
1029.5918,0,0
1029.5918,0,0
1029.4324,0,0
1029.4324,0,0
1029.4324,0,0
1029.4324,0,0
1029.0222,0,0
1029.0222,0,0
1029.0222,0,0
1029.0222,0,0
1029.0867,0,0
1029.0867,0,0
1029.0867,0,0
1029.0867,0,0
1029.5527,0,0
1029.5527,0,0
1029.5527,0,0
1029.5527,0,0
1029.6741,0,0
1029.6741,0,0
1029.6741,0,0
1029.6741,0,0
1029.6741,0,0
1029.4915,0,0
1029.4915,0,0
1029.4915,0,0
1029.4915,0,0
1029.0923,0,0
1029.0923,0,0
1029.0923,0,0
1029.0923,0,0
1029.0295,0,0
1029.0295,0,0
1029.0295,0,0
1029.0295,0,0
1029.1796,0,0
1029.1796,0,0
1029.1796,0,0
1029.1796,0,0
1029.3195,0,0
1029.3195,0,0
1029.3195,0,0
1029.3195,0,0
1029.2471,0,0
1029.2471,0,0
1029.2471,0,0
1029.2471,0,0
1029.0555,0,0
1029.0555,0,0
1029.0555,0,0
1029.0555,0,0
1029.0555,0,0
1029.1381,0,0
1029.1381,0,0
1029.1381,0,0
1029.1381,0,0
1029.5276,0,0
1029.5276,0,0
1029.5276,0,0
1029.5276,0,0
1029.6395,0,0
1029.6395,0,0
1029.6395,0,0
1029.6395,0,0
1029.793,0,0
1029.793,0,0
1029.793,0,0
1029.793,0,0
1029.3767,0,0
1029.3767,0,0
1029.3767,0,0
1029.3767,0,0
1029.3937,0,0
1029.3937,0,0
1029.3937,0,0
1029.3937,0,0
1029.4242,0,0
1029.4242,0,0
1029.4242,0,0
1029.4242,0,0
1029.4242,0,0
1029.242,0,0
1029.242,0,0
1029.242,0,0
1029.242,0,0
1028.9419,0,0
1028.9419,0,0
1028.9419,0,0
1028.9419,0,0
1028.8301,0,0
1028.8301,0,0
1028.8301,0,0
1028.8301,0,0
1029.1742,0,0
1029.1742,0,0
1029.1742,0,0
1029.1742,0,0
1029.6082,0,0
1029.6082,0,0
1029.6082,0,0
1029.6082,0,0
1029.5155,0,0
1029.5155,0,0
1029.5155,0,0
1029.5155,0,0
1029.3408,0,0
1029.3408,0,0
1029.3408,0,0
1029.3408,0,0
1029.3408,0,0
1029.0061,0,0
1029.0061,0,0
1029.0061,0,0
1029.0061,0,0
1028.9094,0,0
1028.9094,0,0
1028.9094,0,0
1028.9094,0,0
1028.9874,0,0
1028.9874,0,0
1028.9874,0,0
1028.9874,0,0
1028.7998,0,0
1028.7998,0,0
1028.7998,0,0
1028.7998,0,0
1028.5336,0,0
1028.5336,0,0
1028.5336,0,0
1028.5336,0,0
1028.4506,0,0
1028.4506,0,0
1028.4506,0,0
1028.4506,0,0
1028.4946,0,0
1028.4946,0,0
1028.4946,0,0
1028.4946,0,0
1028.4946,0,0
1028.7549,0,0
1028.7549,0,0
1028.7549,0,0
1028.7549,0,0
1028.735,0,0
1028.735,0,0
1028.735,0,0
1028.735,0,0
1028.7214,0,0
1028.7214,0,0
1028.7214,0,0
1028.7214,0,0
1028.73,0,0
1028.73,0,0
1028.73,0,0
1028.73,0,0
1028.7969,0,0
1028.7969,0,0
1028.7969,0,0
1028.7969,0,0
1028.8495,0,0
1028.8495,0,0
1028.8495,0,0
1028.8495,0,0
1028.911,0,0
1028.911,0,0
1028.911,0,0
1028.911,0,0
1028.911,0,0
1028.9517,0,0
1028.9517,0,0
1028.9517,0,0
1028.9517,0,0
1028.9941,0,0
1028.9941,0,0
1028.9941,0,0
1028.9941,0,0
1029.0305,0,0
1029.0305,0,0
1029.0305,0,0
1029.0305,0,0
1029.0557,0,0
1029.0557,0,0
1029.0557,0,0
1029.0557,0,0
1029.0684,0,0
1029.0684,0,0
1029.0684,0,0
1029.0684,0,0
1029.0901,0,0
1029.0901,0,0
1029.0901,0,0
1029.0901,0,0
1029.1034,0,0
1029.1034,0,0
1029.1034,0,0
1029.1034,0,0
1029.17,0,0
1029.17,0,0
