1007.2941,0,0
1007.2941,0,0
1007.2941,0,0
1007.2941,0,0
1007.34863,0,0
1007.34863,0,0
1007.34863,0,0
1007.34863,0,0
1007.3902,0,0
1007.3902,0,0
1007.3902,0,0
1007.3902,0,0
1007.3902,0,0
1007.4439,0,0
1007.4439,0,0
1007.4439,0,0
1007.4439,0,0
1007.4839,0,0
1007.4839,0,0
1007.4839,0,0
1007.4839,0,0
1007.5032,0,0
1007.5032,0,0
1007.5032,0,0
1007.5032,0,0
1007.52356,0,0
1007.52356,0,0
1007.52356,0,0
1007.52356,0,0
1007.53656,0,0
1007.53656,0,0
1007.53656,0,0
1007.53656,0,0
1007.5546,0,0
1007.5546,0,0
1007.5546,0,0
1007.5546,0,0
1007.54376,0,0
1007.54376,0,0
1007.54376,0,0
1007.54376,0,0
1007.54376,0,0
1007.5379,0,0
1007.5379,0,0
1007.5379,0,0
1007.5379,0,0
1007.5432,0,0
1007.5432,0,0
1007.5432,0,0
1007.5432,0,0
1007.65027,0,0
1007.65027,0,0
1007.65027,0,0
1007.65027,0,0
1007.7129,0,0
1007.7129,0,0
1007.7129,0,0
1007.7129,0,0
1007.85815,0,0
1007.85815,0,0
1007.85815,0,0
1007.85815,0,0
1007.9596,0,0
1007.9596,0,0
1007.9596,0,0
1007.9596,0,0
1008.0455,0,0
1008.0455,0,0
1008.0455,0,0
1008.0455,0,0
1008.0455,0,0
1008.05225,0,0
1008.05225,0,0
1008.05225,0,0
1008.05225,0,0
1008.1915,0,0
1008.1915,0,0
1008.1915,0,0
1008.1915,0,0
1008.0802,0,0
1008.0802,0,0
1008.0802,0,0
1008.0802,0,0
1007.8543,0,0
1007.8543,0,0
1007.8543,0,0
1007.8543,0,0
1007.8798,0,0
1007.8798,0,0
1007.8798,0,0
1007.8798,0,0
1007.7468,0,0
1007.7468,0,0
1007.7468,0,0
1007.7468,0,0
1007.7031,0,0
1007.7031,0,0
1007.7031,0,0
1007.7031,0,0
1007.73615,0,0
1007.73615,0,0
1007.73615,0,0
1007.73615,0,0
1007.73615,0,0
1007.78955,0,0
1007.78955,0,0
1007.78955,0,0
1007.78955,0,0
1008.41907,0,0
1008.41907,0,0
1008.41907,0,0
1008.41907,0,0
1008.0442,0,0
1008.0442,0,0
1008.0442,0,0
1008.0442,0,0
1007.88025,0,0
1007.88025,0,0
1007.88025,0,0
1007.88025,0,0
1007.73126,0,0
1007.73126,0,0
1007.73126,0,0
1007.73126,0,0
1007.64026,0,0
1007.64026,0,0
1007.64026,0,0
1007.64026,0,0
1007.51166,0,0
1007.51166,0,0
1007.51166,0,0
1007.51166,0,0
1007.51166,0,0
1007.3673,0,0
1007.3673,0,0
1007.3673,0,0
1007.3673,0,0
1007.49884,0,0
1007.49884,0,0
1007.49884,0,0
1007.49884,0,0
1007.8351,0,0
1007.8351,0,0
1007.8351,0,0
1007.8351,0,0
1007.5672,0,0
1007.5672,0,0
1007.5672,0,0
1007.5672,0,0
1007.47546,0,0
1007.47546,0,0
1007.47546,0,0
1007.47546,0,0
1007.5224,0,0
1007.5224,0,0
1007.5224,0,0
1007.5224,0,0
1007.50323,0,0
1007.50323,0,0
1007.50323,0,0
1007.50323,0,0
1007.50323,0,0
1007.41785,0,0
1007.41785,0,0
1007.41785,0,0
1007.41785,0,0
1007.3329,0,0
1007.3329,0,0
1007.3329,0,0
1007.3329,0,0
1007.47974,0,0
1007.47974,0,0
1007.47974,0,0
1007.47974,0,0
1007.9485,0,0
1007.9485,0,0
1007.9485,0,0
1007.9485,0,0
1007.5731,0,0
1007.5731,0,0
1007.5731,0,0
1007.5731,0,0
1007.58374,0,0
1007.58374,0,0
1007.58374,0,0
1007.58374,0,0
1007.61676,0,0
1007.61676,0,0
1007.61676,0,0
1007.61676,0,0
1007.61676,0,0
1007.58325,0,0
1007.58325,0,0
1007.58325,0,0
1007.58325,0,0
1007.54663,0,0
1007.54663,0,0
1007.54663,0,0
1007.54663,0,0
1007.47266,0,0
1007.47266,0,0
1007.47266,0,0
1007.47266,0,0
1007.5903,0,0
1007.5903,0,0
1007.5903,0,0
1007.5903,0,0
1007.8378,0,0
1007.8378,0,0
1007.8378,0,0
1007.8378,0,0
1007.63446,0,0
1007.63446,0,0
1007.63446,0,0
1007.63446,0,0
1007.58936,0,0
1007.58936,0,0
1007.58936,0,0
1007.58936,0,0
1007.60675,0,0
1007.60675,0,0
1007.60675,0,0
1007.60675,0,0
1007.60675,0,0
1007.57275,0,0
1007.57275,0,0
1007.57275,0,0
1007.57275,0,0
1007.4377,0,0
1007.4377,0,0
1007.4377,0,0
1007.4377,0,0
1007.3069,0,0
1007.3069,0,0
1007.3069,0,0
1007.3069,0,0
1007.47626,0,0
1007.47626,0,0
1007.47626,0,0
1007.47626,0,0
1007.56287,0,0
1007.56287,0,0
1007.56287,0,0
1007.56287,0,0
1007.7582,0,0
1007.7582,0,0
1007.7582,0,0
1007.7582,0,0
1007.71277,0,0
1007.71277,0,0
1007.71277,0,0
1007.71277,0,0
1007.71277,0,0
1007.6065,0,0
1007.6065,0,0
1007.6065,0,0
1007.6065,0,0
1007.5427,0,0
1007.5427,0,0
1007.5427,0,0
1007.5427,0,0
1007.5495,0,0
1007.5495,0,0
1007.5495,0,0
1007.5495,0,0
1007.5618,0,0
1007.5618,0,0
1007.5618,0,0
1007.5618,0,0
1007.6026,0,0
1007.6026,0,0
1007.6026,0,0
1007.6026,0,0
1007.77246,0,0
1007.77246,0,0
1007.77246,0,0
1007.77246,0,0
1007.7656,0,0
1007.7656,0,0
1007.7656,0,0
1007.7656,0,0
1007.7656,0,0
1007.85815,0,0
1007.85815,0,0
1007.85815,0,0
1007.85815,0,0
1007.62415,0,0
1007.62415,0,0
1007.62415,0,0
1007.62415,0,0
1007.50867,0,0
1007.50867,0,0
1007.50867,0,0
1007.50867,0,0
1007.5027,0,0
1007.5027,0,0
1007.5027,0,0
1007.5027,0,0
1007.46234,0,0
1007.46234,0,0
1007.46234,0,0
1007.46234,0,0
1007.3616,0,0
1007.3616,0,0
1007.3616,0,0
1007.3616,0,0
1007.31067,0,0
1007.31067,0,0
1007.31067,0,0
1007.31067,0,0
1007.31067,0,0
1007.42957,0,0
1007.42957,0,0
1007.42957,0,0
1007.42957,0,0
1007.70374,0,0
1007.70374,0,0
1007.70374,0,0
1007.70374,0,0
1007.885,0,0
1007.885,0,0
1007.885,0,0
1007.885,0,0
1007.72876,0,0
1007.72876,0,0
1007.72876,0,0
1007.72876,0,0
1007.7397,0,0
1007.7397,0,0
1007.7397,0,0
1007.7397,0,0
1007.69214,0,0
1007.69214,0,0
1007.69214,0,0
1007.69214,0,0
1007.57324,0,0
1007.57324,0,0
1007.57324,0,0
1007.57324,0,0
1007.47473,0,0
1007.47473,0,0
1007.47473,0,0
1007.47473,0,0
1007.47473,0,0
1007.5002,0,0
1007.5002,0,0
1007.5002,0,0
1007.5002,0,0
1007.70105,0,0
1007.70105,0,0
1007.70105,0,0
1007.70105,0,0
1007.93787,0,0
1007.93787,0,0
1007.93787,0,0
1007.93787,0,0
1007.6084,0,0
1007.6084,0,0
1007.6084,0,0
1007.6084,0,0
1007.6275,0,0
1007.6275,0,0
1007.6275,0,0
1007.6275,0,0
1007.5756,0,0
1007.5756,0,0
1007.5756,0,0
1007.5756,0,0
1007.4448,0,0
1007.4448,0,0
1007.4448,0,0
1007.4448,0,0
1007.4448,0,0
1007.40234,0,0
1007.40234,0,0
1007.40234,0,0
1007.40234,0,0
1007.43555,0,0
1007.43555,0,0
1007.43555,0,0
1007.43555,0,0
1007.62317,0,0
1007.62317,0,0
1007.62317,0,0
1007.62317,0,0
1007.793,0,0
1007.793,0,0
1007.793,0,0
1007.793,0,0
1007.8202,0,0
1007.8202,0,0
1007.8202,0,0
1007.8202,0,0
1007.5943,0,0
1007.5943,0,0
1007.5943,0,0
1007.5943,0,0
1007.593,0,0
1007.593,0,0
1007.593,0,0
1007.593,0,0
1007.593,0,0
1007.53436,0,0
1007.53436,0,0
1007.53436,0,0
1007.53436,0,0
1007.49866,0,0
1007.49866,0,0
1007.49866,0,0
1007.49866,0,0
1007.4128,0,0
1007.4128,0,0
1007.4128,0,0
1007.4128,0,0
1007.47437,0,0
1007.47437,0,0
1007.47437,0,0
1007.47437,0,0
1007.6748,0,0
1007.6748,0,0
1007.6748,0,0
1007.6748,0,0
1007.7367,0,0
1007.7367,0,0
1007.7367,0,0
1007.7367,0,0
1007.83014,0,0
1007.83014,0,0
1007.83014,0,0
1007.83014,0,0
1007.62463,0,0
1007.62463,0,0
1007.62463,0,0
1007.62463,0,0
1007.62463,0,0
1007.50574,0,0
1007.50574,0,0
1007.50574,0,0
1007.50574,0,0
1007.5091,0,0
1007.5091,0,0
1007.5091,0,0
1007.5091,0,0
1007.43774,0,0
1007.43774,0,0
1007.43774,0,0
1007.43774,0,0
1007.4463,0,0
1007.4463,0,0
1007.4463,0,0
1007.4463,0,0
1007.4768,0,0
1007.4768,0,0
1007.4768,0,0
1007.4768,0,0
1007.5295,0,0
1007.5295,0,0
1007.5295,0,0
1007.5295,0,0
1007.7464,0,0
1007.7464,0,0
1007.7464,0,0
1007.7464,0,0
1007.7464,0,0
1007.93665,0,0
1007.93665,0,0
1007.93665,0,0
1007.93665,0,0
1008.0412,0,0
1008.0412,0,0
1008.0412,0,0
1008.0412,0,0
1007.67505,0,0
1007.67505,0,0
1007.67505,0,0
1007.67505,0,0
1007.5741,0,0
1007.5741,0,0
1007.5741,0,0
1007.5741,0,0
1007.619,0,0
1007.619,0,0
1007.619,0,0
1007.619,0,0
1007.56805,0,0
1007.56805,0,0
1007.56805,0,0
1007.56805,0,0
1007.4763,0,0
1007.4763,0,0
1007.4763,0,0
1007.4763,0,0
1007.4763,0,0
1007.4967,0,0
1007.4967,0,0
1007.4967,0,0
1007.4967,0,0
1007.6432,0,0
1007.6432,0,0
1007.6432,0,0
1007.6432,0,0
1007.74005,0,0
1007.74005,0,0
1007.74005,0,0
1007.74005,0,0
1007.82404,0,0
1007.82404,0,0
1007.82404,0,0
1007.82404,0,0
1007.8325,0,0
1007.8325,0,0
1007.8325,0,0
1007.8325,0,0
1007.64954,0,0
1007.64954,0,0
1007.64954,0,0
1007.64954,0,0
1007.5493,0,0
1007.5493,0,0
1007.5493,0,0
1007.5493,0,0
1007.5493,0,0
1007.4707,0,0
1007.4707,0,0
1007.4707,0,0
1007.4707,0,0
1007.4355,0,0
1007.4355,0,0
1007.4355,0,0
1007.4355,0,0
1007.3862,0,0
1007.3862,0,0
1007.3862,0,0
1007.3862,0,0
1007.44226,0,0
1007.44226,0,0
1007.44226,0,0
1007.44226,0,0
1007.5697,0,0
1007.5697,0,0
1007.5697,0,0
1007.5697,0,0
1007.77936,0,0
1007.77936,0,0
1007.77936,0,0
1007.77936,0,0
1007.8252,0,0
1007.8252,0,0
1007.8252,0,0
1007.8252,0,0
1007.8456,0,0
1007.8456,0,0
1007.8456,0,0
1007.8456,0,0
1007.8456,0,0
1007.78784,0,0
1007.78784,0,0
1007.78784,0,0
1007.78784,0,0
1007.64594,0,0
1007.64594,0,0
1007.64594,0,0
1007.64594,0,0
1007.50836,0,0
1007.50836,0,0
1007.50836,0,0
1007.50836,0,0
1007.4217,0,0
1007.4217,0,0
1007.4217,0,0
1007.4217,0,0
1007.3606,0,0
1007.3606,0,0
1007.3606,0,0
1007.3606,0,0
1007.3147,0,0
1007.3147,0,0
1007.3147,0,0
1007.3147,0,0
1007.3661,0,0
1007.3661,0,0
1007.3661,0,0
1007.3661,0,0
1007.3661,0,0
1007.4867,0,0
1007.4867,0,0
1007.4867,0,0
1007.4867,0,0
1007.7151,0,0
1007.7151,0,0
1007.7151,0,0
1007.7151,0,0
1007.7609,0,0
1007.7609,0,0
1007.7609,0,0
1007.7609,0,0
1007.8225,0,0
1007.8225,0,0
1007.8225,0,0
1007.8225,0,0
1007.48956,0,0
1007.48956,0,0
1007.48956,0,0
1007.48956,0,0
1007.4165,0,0
1007.4165,0,0
1007.4165,0,0
1007.4165,0,0
1007.48694,0,0
1007.48694,0,0
1007.48694,0,0
1007.48694,0,0
1007.48694,0,0
1007.4037,0,0
1007.4037,0,0
1007.4037,0,0
1007.4037,0,0
1007.35657,0,0
1007.35657,0,0
1007.35657,0,0
1007.35657,0,0
1007.4262,0,0
1007.4262,0,0
1007.4262,0,0
1007.4262,0,0
1007.52814,0,0
1007.52814,0,0
1007.52814,0,0
1007.52814,0,0
1007.7294,0,0
1007.7294,0,0
1007.7294,0,0
1007.7294,0,0
1007.9026,0,0
1007.9026,0,0
1007.9026,0,0
1007.9026,0,0
1007.82446,0,0
1007.82446,0,0
1007.82446,0,0
1007.82446,0,0
1007.5939,0,0
1007.5939,0,0
1007.5939,0,0
1007.5939,0,0
1007.5939,0,0
1007.50385,0,0
1007.50385,0,0
1007.50385,0,0
1007.50385,0,0
1007.48346,0,0
1007.48346,0,0
1007.48346,0,0
1007.48346,0,0
1007.46436,0,0
1007.46436,0,0
1007.46436,0,0
1007.46436,0,0
1007.3964,0,0
1007.3964,0,0
1007.3964,0,0
1007.3964,0,0
1007.40027,0,0
1007.40027,0,0
1007.40027,0,0
1007.40027,0,0
1007.4869,0,0
1007.4869,0,0
1007.4869,0,0
1007.4869,0,0
1007.63464,0,0
1007.63464,0,0
1007.63464,0,0
1007.63464,0,0
1007.63464,0,0
1007.80115,0,0
1007.80115,0,0
1007.80115,0,0
1007.80115,0,0
1007.4944,0,0
1007.4944,0,0
1007.4944,0,0
1007.4944,0,0
1007.3466,0,0
1007.3466,0,0
1007.3466,0,0
1007.3466,0,0
1007.3119,0,0
1007.3119,0,0
1007.3119,0,0
1007.3119,0,0
1007.3025,0,0
1007.3025,0,0
1007.3025,0,0
1007.3025,0,0
1007.2913,0,0
1007.2913,0,0
1007.2913,0,0
1007.2913,0,0
1007.3899,0,0
1007.3899,0,0
1007.3899,0,0
1007.3899,0,0
1007.3899,0,0
1007.50024,0,0
1007.50024,0,0
1007.50024,0,0
1007.50024,0,0
1007.66376,0,0
1007.66376,0,0
1007.66376,0,0
1007.66376,0,0
1007.7589,0,0
1007.7589,0,0
1007.7589,0,0
1007.7589,0,0
1007.85986,0,0
1007.85986,0,0
1007.85986,0,0
1007.85986,0,0
1007.634,0,0
1007.634,0,0
1007.634,0,0
1007.634,0,0
1007.52527,0,0
1007.52527,0,0
1007.52527,0,0
1007.52527,0,0
1007.51166,0,0
1007.51166,0,0
1007.51166,0,0
1007.51166,0,0
1007.51166,0,0
1007.4624,0,0
1007.4624,0,0
1007.4624,0,0
1007.4624,0,0
1007.39276,0,0
1007.39276,0,0
1007.39276,0,0
1007.39276,0,0
1007.38635,0,0
1007.38635,0,0
1007.38635,0,0
1007.38635,0,0
1007.4832,0,0
1007.4832,0,0
1007.4832,0,0
1007.4832,0,0
1007.69727,0,0
1007.69727,0,0
1007.69727,0,0
1007.69727,0,0
1007.7431,0,0
1007.7431,0,0
1007.7431,0,0
1007.7431,0,0
1007.8552,0,0
1007.8552,0,0
1007.8552,0,0
1007.8552,0,0
1007.5587,0,0
1007.5587,0,0
1007.5587,0,0
1007.5587,0,0
1007.5587,0,0
1007.4444,0,0
1007.4444,0,0
1007.4444,0,0
1007.4444,0,0
1007.424,0,0
1007.424,0,0
1007.424,0,0
1007.424,0,0
1007.3735,0,0
1007.3735,0,0
1007.3735,0,0
1007.3735,0,0
1007.3412,0,0
1007.3412,0,0
1007.3412,0,0
1007.3412,0,0
1007.3,0,0
1007.3,0,0
1007.3,0,0
1007.3,0,0
1007.3798,0,0
1007.3798,0,0
1007.3798,0,0
1007.3798,0,0
1007.5276,0,0
1007.5276,0,0
1007.5276,0,0
1007.5276,0,0
1007.5276,0,0
1007.66864,0,0
1007.66864,0,0
1007.66864,0,0
1007.66864,0,0
1007.85205,0,0
1007.85205,0,0
1007.85205,0,0
1007.85205,0,0
1007.5208,0,0
1007.5208,0,0
1007.5208,0,0
1007.5208,0,0
1007.42615,0,0
1007.42615,0,0
1007.42615,0,0
1007.42615,0,0
1007.4218,0,0
1007.4218,0,0
1007.4218,0,0
1007.4218,0,0
1007.3657,0,0
1007.3657,0,0
1007.3657,0,0
1007.3657,0,0
1007.33685,0,0
1007.33685,0,0
1007.33685,0,0
1007.33685,0,0
1007.33685,0,0
1007.4337,0,0
1007.4337,0,0
1007.4337,0,0
1007.4337,0,0
1007.52374,0,0
1007.52374,0,0
1007.52374,0,0
1007.52374,0,0
1007.70886,0,0
1007.70886,0,0
1007.70886,0,0
1007.70886,0,0
1007.8074,0,0
1007.8074,0,0
1007.8074,0,0
1007.8074,0,0
1007.6026,0,0
1007.6026,0,0
1007.6026,0,0
1007.6026,0,0
1007.3852,0,0
1007.3852,0,0
1007.3852,0,0
1007.3852,0,0
1007.4039,0,0
1007.4039,0,0
1007.4039,0,0
1007.4039,0,0
1007.4039,0,0
1007.55164,0,0
1007.55164,0,0
1007.55164,0,0
1007.55164,0,0
1007.5747,0,0
1007.5747,0,0
1007.5747,0,0
1007.5747,0,0
1007.55676,0,0
1007.55676,0,0
1007.55676,0,0
1007.55676,0,0
1007.4926,0,0
1007.4926,0,0
1007.4926,0,0
1007.4926,0,0
1007.465,0,0
1007.465,0,0
1007.465,0,0
1007.465,0,0
1007.6625,0,0
1007.6625,0,0
1007.6625,0,0
1007.6625,0,0
1007.81323,0,0
1007.81323,0,0
1007.81323,0,0
1007.81323,0,0
1007.81537,0,0
1007.81537,0,0
1007.81537,0,0
1007.81537,0,0
1007.81537,0,0
1007.5538,0,0
1007.5538,0,0
1007.5538,0,0
1007.5538,0,0
1007.4179,0,0
1007.4179,0,0
1007.4179,0,0
1007.4179,0,0
1007.37714,0,0
1007.37714,0,0
1007.37714,0,0
1007.37714,0,0
1007.3737,0,0
1007.3737,0,0
1007.3737,0,0
1007.3737,0,0
1007.3167,0,0
1007.3167,0,0
1007.3167,0,0
1007.3167,0,0
1007.3856,0,0
1007.3856,0,0
1007.3856,0,0
1007.3856,0,0
1007.5002,0,0
1007.5002,0,0
1007.5002,0,0
1007.5002,0,0
1007.5002,0,0
1007.67004,0,0
1007.67004,0,0
1007.67004,0,0
1007.67004,0,0
1007.8183,0,0
1007.8183,0,0
1007.8183,0,0
1007.8183,0,0
1007.521,0,0
1007.521,0,0
1007.521,0,0
1007.521,0,0
1007.40454,0,0
1007.40454,0,0
1007.40454,0,0
1007.40454,0,0
1007.3732,0,0
1007.3732,0,0
1007.3732,0,0
1007.3732,0,0
1007.33075,0,0
1007.33075,0,0
1007.33075,0,0
1007.33075,0,0
1007.2788,0,0
1007.2788,0,0
1007.2788,0,0
1007.2788,0,0
1007.3485,0,0
1007.3485,0,0
1007.3485,0,0
1007.3485,0,0
1007.3485,0,0
1007.4746,0,0
1007.4746,0,0
1007.4746,0,0
1007.4746,0,0
1007.7362,0,0
1007.7362,0,0
1007.7362,0,0
1007.7362,0,0
1007.8144,0,0
1007.8144,0,0
1007.8144,0,0
1007.8144,0,0
1007.9673,0,0
1007.9673,0,0
1007.9673,0,0
1007.9673,0,0
1007.653,0,0
1007.653,0,0
1007.653,0,0
1007.653,0,0
1007.55743,0,0
1007.55743,0,0
1007.55743,0,0
1007.55743,0,0
1007.5099,0,0
1007.5099,0,0
1007.5099,0,0
1007.5099,0,0
1007.5099,0,0
1007.4691,0,0
1007.4691,0,0
1007.4691,0,0
1007.4691,0,0
1007.39606,0,0
1007.39606,0,0
1007.39606,0,0
1007.39606,0,0
1007.4288,0,0
1007.4288,0,0
1007.4288,0,0
1007.4288,0,0
1007.5307,0,0
1007.5307,0,0
1007.5307,0,0
1007.5307,0,0
1007.7132,0,0
1007.7132,0,0
1007.7132,0,0
1007.7132,0,0
1007.7239,0,0
1007.7239,0,0
1007.7239,0,0
1007.7239,0,0
1007.75104,0,0
1007.75104,0,0
1007.75104,0,0
1007.75104,0,0
1007.75104,0,0
1007.5709,0,0
1007.5709,0,0
1007.5709,0,0
1007.5709,0,0
1007.42145,0,0
1007.42145,0,0
1007.42145,0,0
1007.42145,0,0
1007.3688,0,0
1007.3688,0,0
1007.3688,0,0
1007.3688,0,0
1007.3242,0,0
1007.3242,0,0
1007.3242,0,0
1007.3242,0,0
1007.3106,0,0
1007.3106,0,0
1007.3106,0,0
1007.3106,0,0
1007.3977,0,0
1007.3977,0,0
1007.3977,0,0
1007.3977,0,0
1007.50885,0,0
1007.50885,0,0
1007.50885,0,0
1007.50885,0,0
1007.50885,0,0
1007.6999,0,0
1007.6999,0,0
1007.6999,0,0
1007.6999,0,0
1007.7882,0,0
1007.7882,0,0
1007.7882,0,0
1007.7882,0,0
1007.829,0,0
1007.829,0,0
1007.829,0,0
1007.829,0,0
1007.79205,0,0
1007.79205,0,0
1007.79205,0,0
1007.79205,0,0
1007.6069,0,0
1007.6069,0,0
1007.6069,0,0
1007.6069,0,0
1007.4955,0,0
1007.4955,0,0
1007.4955,0,0
1007.4955,0,0
1007.4642,0,0
1007.4642,0,0
1007.4642,0,0
1007.4642,0,0
1007.4642,0,0
1007.43604,0,0
1007.43604,0,0
1007.43604,0,0
1007.43604,0,0
1007.40717,0,0
1007.40717,0,0
1007.40717,0,0
1007.40717,0,0
1007.4955,0,0
1007.4955,0,0
1007.4955,0,0
1007.4955,0,0
1007.6433,0,0
1007.6433,0,0
1007.6433,0,0
1007.6433,0,0
1007.8302,0,0
1007.8302,0,0
1007.8302,0,0
1007.8302,0,0
1007.9219,0,0
1007.9219,0,0
1007.9219,0,0
1007.9219,0,0
1008.0561,0,0
1008.0561,0,0
1008.0561,0,0
1008.0561,0,0
1007.65564,0,0
1007.65564,0,0
1007.65564,0,0
1007.65564,0,0
1007.65564,0,0
1007.3783,0,0
1007.3783,0,0
1007.3783,0,0
1007.3783,0,0
1007.3312,0,0
1007.3312,0,0
1007.3312,0,0
1007.3312,0,0
1007.30225,0,0
1007.30225,0,0
1007.30225,0,0
1007.30225,0,0
1007.2887,0,0
1007.2887,0,0
1007.2887,0,0
1007.2887,0,0
1007.3414,0,0
1007.3414,0,0
1007.3414,0,0
1007.3414,0,0
1007.5282,0,0
1007.5282,0,0
1007.5282,0,0
1007.5282,0,0
1007.74475,0,0
1007.74475,0,0
1007.74475,0,0
1007.74475,0,0
1007.74475,0,0
1007.8602,0,0
1007.8602,0,0
1007.8602,0,0
1007.8602,0,0
1007.81946,0,0
1007.81946,0,0
1007.81946,0,0
1007.81946,0,0
1007.8012,0,0
1007.8012,0,0
1007.8012,0,0
1007.8012,0,0
1007.5906,0,0
1007.5906,0,0
1007.5906,0,0
1007.5906,0,0
1007.4571,0,0
1007.4571,0,0
1007.4571,0,0
1007.4571,0,0
1007.3969,0,0
1007.3969,0,0
1007.3969,0,0
1007.3969,0,0
1007.7248,0,0
1007.7248,0,0
1007.7248,0,0
1007.7248,0,0
1007.7248,0,0
1007.9124,0,0
1007.9124,0,0
1007.9124,0,0
1007.9124,0,0
1008.13495,0,0
1008.13495,0,0
1008.13495,0,0
1008.13495,0,0
1008.2152,0,0
1008.2152,0,0
1008.2152,0,0
1008.2152,0,0
1007.93494,0,0
1007.93494,0,0
1007.93494,0,0
1007.93494,0,0
1007.93225,0,0
1007.93225,0,0
1007.93225,0,0
1007.93225,0,0
1008.1616,0,0
1008.1616,0,0
1008.1616,0,0
1008.1616,0,0
1008.09705,0,0
1008.09705,0,0
1008.09705,0,0
1008.09705,0,0
1007.9408,0,0
1007.9408,0,0
1007.9408,0,0
1007.9408,0,0
1007.9408,0,0
1007.7869,0,0
1007.7869,0,0
1007.7869,0,0
1007.7869,0,0
1007.6188,0,0
1007.6188,0,0
1007.6188,0,0
1007.6188,0,0
1007.7075,0,0
1007.7075,0,0
1007.7075,0,0
1007.7075,0,0
1007.8281,0,0
1007.8281,0,0
1007.8281,0,0
1007.8281,0,0
1007.95844,0,0
1007.95844,0,0
1007.95844,0,0
1007.95844,0,0
1007.6577,0,0
1007.6577,0,0
1007.6577,0,0
1007.6577,0,0
1007.5847,0,0
1007.5847,0,0
1007.5847,0,0
1007.5847,0,0
1007.5847,0,0
1007.5507,0,0
1007.5507,0,0
1007.5507,0,0
1007.5507,0,0
1007.5005,0,0
1007.5005,0,0
1007.5005,0,0
1007.5005,0,0
1007.5005,0,0
1007.5005,0,0
1007.5005,0,0
1007.5005,0,0
1007.48615,0,0
1007.48615,0,0
1007.48615,0,0
1007.48615,0,0
1007.6245,0,0
1007.6245,0,0
1007.6245,0,0
1007.6245,0,0
1007.8029,0,0
1007.8029,0,0
1007.8029,0,0
1007.8029,0,0
1007.99365,0,0
1007.99365,0,0
1007.99365,0,0
1007.99365,0,0
1007.99365,0,0
1007.6216,0,0
1007.6216,0,0
1007.6216,0,0
1007.6216,0,0
1007.556,0,0
1007.556,0,0
1007.556,0,0
1007.556,0,0
1007.5468,0,0
1007.5468,0,0
1007.5468,0,0
1007.5468,0,0
1007.4541,0,0
1007.4541,0,0
1007.4541,0,0
1007.4541,0,0
1007.49194,0,0
1007.49194,0,0
1007.49194,0,0
1007.49194,0,0
1007.5565,0,0
1007.5565,0,0
1007.5565,0,0
1007.5565,0,0
1007.71277,0,0
1007.71277,0,0
1007.71277,0,0
1007.71277,0,0
1007.71277,0,0
1007.8478,0,0
1007.8478,0,0
1007.8478,0,0
1007.8478,0,0
1007.9038,0,0
1007.9038,0,0
1007.9038,0,0
1007.9038,0,0
1007.6065,0,0
1007.6065,0,0
1007.6065,0,0
1007.6065,0,0
1007.508,0,0
1007.508,0,0
1007.508,0,0
1007.508,0,0
1007.4961,0,0
1007.4961,0,0
1007.4961,0,0
1007.4961,0,0
1007.4434,0,0
1007.4434,0,0
1007.4434,0,0
1007.4434,0,0
1007.366,0,0
1007.366,0,0
1007.366,0,0
1007.366,0,0
1007.38135,0,0
1007.38135,0,0
1007.38135,0,0
1007.38135,0,0
1007.38135,0,0
1007.47644,0,0
1007.47644,0,0
1007.47644,0,0
1007.47644,0,0
1007.68585,0,0
1007.68585,0,0
1007.68585,0,0
1007.68585,0,0
1007.8133,0,0
1007.8133,0,0
1007.8133,0,0
1007.8133,0,0
1007.89557,0,0
1007.89557,0,0
1007.89557,0,0
1007.89557,0,0
1007.6038,0,0
1007.6038,0,0
1007.6038,0,0
1007.6038,0,0
1007.5371,0,0
1007.5371,0,0
1007.5371,0,0
1007.5371,0,0
1007.5507,0,0
1007.5507,0,0
1007.5507,0,0
1007.5507,0,0
1007.5507,0,0
1007.48785,0,0
1007.48785,0,0
1007.48785,0,0
1007.48785,0,0
1007.4016,0,0
1007.4016,0,0
1007.4016,0,0
1007.4016,0,0
1007.42786,0,0
1007.42786,0,0
1007.42786,0,0
1007.42786,0,0
1007.49506,0,0
1007.49506,0,0
1007.49506,0,0
1007.49506,0,0
1007.698,0,0
1007.698,0,0
1007.698,0,0
1007.698,0,0
1007.76086,0,0
1007.76086,0,0
1007.76086,0,0
1007.76086,0,0
1007.8628,0,0
1007.8628,0,0
1007.8628,0,0
1007.8628,0,0
1007.8628,0,0
1007.54724,0,0
1007.54724,0,0
1007.54724,0,0
1007.54724,0,0
1007.4987,0,0
1007.4987,0,0
1007.4987,0,0
1007.4987,0,0
1007.4839,0,0
1007.4839,0,0
1007.4839,0,0
1007.4839,0,0
1007.4166,0,0
1007.4166,0,0
1007.4166,0,0
1007.4166,0,0
1007.3613,0,0
1007.3613,0,0
1007.3613,0,0
1007.3613,0,0
1007.41064,0,0
1007.41064,0,0
1007.41064,0,0
1007.41064,0,0
1007.4344,0,0
1007.4344,0,0
1007.4344,0,0
1007.4344,0,0
1007.5856,0,0
1007.5856,0,0
1007.5856,0,0
1007.5856,0,0
1007.5856,0,0
1007.77246,0,0
1007.77246,0,0
1007.77246,0,0
1007.77246,0,0
1007.91565,0,0
1007.91565,0,0
1007.91565,0,0
1007.91565,0,0
1007.6752,0,0
1007.6752,0,0
1007.6752,0,0
1007.6752,0,0
1007.6195,0,0
1007.6195,0,0
1007.6195,0,0
1007.6195,0,0
1007.5193,0,0
1007.5193,0,0
1007.5193,0,0
1007.5193,0,0
1007.4343,0,0
1007.4343,0,0
1007.4343,0,0
1007.4343,0,0
1007.4683,0,0
1007.4683,0,0
1007.4683,0,0
1007.4683,0,0
1007.4683,0,0
1007.48096,0,0
1007.48096,0,0
1007.48096,0,0
1007.48096,0,0
1007.55615,0,0
1007.55615,0,0
1007.55615,0,0
1007.55615,0,0
1007.74475,0,0
1007.74475,0,0
1007.74475,0,0
1007.74475,0,0
1007.5161,0,0
1007.5161,0,0
1007.5161,0,0
1007.5161,0,0
1007.33093,0,0
1007.33093,0,0
1007.33093,0,0
1007.33093,0,0
1007.24255,0,0
1007.24255,0,0
1007.24255,0,0
1007.24255,0,0
1007.1916,0,0
1007.1916,0,0
1007.1916,0,0
1007.1916,0,0
1007.1916,0,0
1007.1848,0,0
1007.1848,0,0
1007.1848,0,0
1007.1848,0,0
1007.40955,0,0
1007.40955,0,0
1007.40955,0,0
1007.40955,0,0
1007.5258,0,0
1007.5258,0,0
1007.5258,0,0
1007.5258,0,0
1007.70325,0,0
1007.70325,0,0
1007.70325,0,0
1007.70325,0,0
1007.69006,0,0
1007.69006,0,0
1007.69006,0,0
1007.69006,0,0
1007.8175,0,0
1007.8175,0,0
1007.8175,0,0
1007.8175,0,0
1007.5923,0,0
1007.5923,0,0
1007.5923,0,0
1007.5923,0,0
1007.5923,0,0
1007.4879,0,0
1007.4879,0,0
1007.4879,0,0
1007.4879,0,0
1007.4105,0,0
1007.4105,0,0
1007.4105,0,0
1007.4105,0,0
1007.36847,0,0
1007.36847,0,0
1007.36847,0,0
1007.36847,0,0
1007.33105,0,0
1007.33105,0,0
1007.33105,0,0
1007.33105,0,0
1007.3369,0,0
1007.3369,0,0
1007.3369,0,0
1007.3369,0,0
1007.42017,0,0
1007.42017,0,0
1007.42017,0,0
1007.42017,0,0
1007.5714,0,0
1007.5714,0,0
1007.5714,0,0
1007.5714,0,0
1007.7396,0,0
1007.7396,0,0
1007.7396,0,0
1007.7396,0,0
1007.7396,0,0
1007.82965,0,0
1007.82965,0,0
1007.82965,0,0
1007.82965,0,0
1007.96216,0,0
1007.96216,0,0
1007.96216,0,0
1007.96216,0,0
1007.6437,0,0
1007.6437,0,0
1007.6437,0,0
1007.6437,0,0
1007.5265,0,0
1007.5265,0,0
1007.5265,0,0
1007.5265,0,0
1007.5493,0,0
1007.5493,0,0
1007.5493,0,0
1007.5493,0,0
1007.475,0,0
1007.475,0,0
1007.475,0,0
1007.475,0,0
1007.4784,0,0
1007.4784,0,0
1007.4784,0,0
1007.4784,0,0
1007.4784,0,0
1007.5131,0,0
1007.5131,0,0
1007.5131,0,0
1007.5131,0,0
1007.5565,0,0
1007.5565,0,0
1007.5565,0,0
1007.5565,0,0
1007.6915,0,0
1007.6915,0,0
1007.6915,0,0
1007.6915,0,0
1007.81384,0,0
1007.81384,0,0
1007.81384,0,0
1007.81384,0,0
1007.9617,0,0
1007.9617,0,0
1007.9617,0,0
1007.9617,0,0
1007.84955,0,0
1007.84955,0,0
1007.84955,0,0
1007.84955,0,0
1007.5425,0,0
1007.5425,0,0
1007.5425,0,0
1007.5425,0,0
1007.5425,0,0
1007.4099,0,0
1007.4099,0,0
1007.4099,0,0
1007.4099,0,0
1007.35004,0,0
1007.35004,0,0
1007.35004,0,0
1007.35004,0,0
1007.3114,0,0
1007.3114,0,0
1007.3114,0,0
1007.3114,0,0
1007.2978,0,0
1007.2978,0,0
1007.2978,0,0
1007.2978,0,0
1007.4396,0,0
1007.4396,0,0
1007.4396,0,0
1007.4396,0,0
1007.6444,0,0
1007.6444,0,0
1007.6444,0,0
1007.6444,0,0
1007.776,0,0
1007.776,0,0
1007.776,0,0
1007.776,0,0
1007.776,0,0
1007.8976,0,0
1007.8976,0,0
1007.8976,0,0
1007.8976,0,0
1007.57715,0,0
1007.57715,0,0
1007.57715,0,0
1007.57715,0,0
1007.3937,0,0
1007.3937,0,0
1007.3937,0,0
1007.3937,0,0
1007.3843,0,0
1007.3843,0,0
1007.3843,0,0
1007.3843,0,0
1007.39105,0,0
1007.39105,0,0
1007.39105,0,0
1007.39105,0,0
1007.3486,0,0
1007.3486,0,0
1007.3486,0,0
1007.3486,0,0
1007.3214,0,0
1007.3214,0,0
1007.3214,0,0
1007.3214,0,0
1007.4017,0,0
1007.4017,0,0
1007.4017,0,0
1007.4017,0,0
1007.4017,0,0
1007.46625,0,0
1007.46625,0,0
1007.46625,0,0
1007.46625,0,0
1007.67523,0,0
1007.67523,0,0
1007.67523,0,0
1007.67523,0,0
1007.73975,0,0
1007.73975,0,0
1007.73975,0,0
1007.73975,0,0
1007.85364,0,0
1007.85364,0,0
1007.85364,0,0
1007.85364,0,0
1007.59534,0,0
1007.59534,0,0
1007.59534,0,0
1007.59534,0,0
1007.37573,0,0
1007.37573,0,0
1007.37573,0,0
1007.37573,0,0
1007.3265,0,0
1007.3265,0,0
1007.3265,0,0
1007.3265,0,0
1007.3265,0,0
1007.3384,0,0
1007.3384,0,0
1007.3384,0,0
1007.3384,0,0
1007.36554,0,0
1007.36554,0,0
1007.36554,0,0
1007.36554,0,0
1007.3575,0,0
1007.3575,0,0
1007.3575,0,0
1007.3575,0,0
1007.37915,0,0
1007.37915,0,0
1007.37915,0,0
1007.37915,0,0
1007.442,0,0
1007.442,0,0
1007.442,0,0
1007.442,0,0
1007.62646,0,0
1007.62646,0,0
1007.62646,0,0
1007.62646,0,0
1007.77765,0,0
1007.77765,0,0
1007.77765,0,0
1007.77765,0,0
1007.77765,0,0
1007.9374,0,0
1007.9374,0,0
1007.9374,0,0
1007.9374,0,0
1007.9585,0,0
1007.9585,0,0
1007.9585,0,0
1007.9585,0,0
1008.1284,0,0
1008.1284,0,0
1008.1284,0,0
1008.1284,0,0
1007.6922,0,0
1007.6922,0,0
1007.6922,0,0
1007.6922,0,0
1007.49854,0,0
1007.49854,0,0
1007.49854,0,0
1007.49854,0,0
1007.55286,0,0
1007.55286,0,0
1007.55286,0,0
1007.55286,0,0
1007.6046,0,0
1007.6046,0,0
1007.6046,0,0
1007.6046,0,0
1007.58124,0,0
1007.58124,0,0
1007.58124,0,0
1007.58124,0,0
1007.58124,0,0
1007.6101,0,0
1007.6101,0,0
1007.6101,0,0
1007.6101,0,0
1007.6012,0,0
1007.6012,0,0
1007.6012,0,0
1007.6012,0,0
1007.7342,0,0
1007.7342,0,0
1007.7342,0,0
1007.7342,0,0
1007.8459,0,0
1007.8459,0,0
1007.8459,0,0
1007.8459,0,0
1007.8187,0,0
1007.8187,0,0
1007.8187,0,0
1007.8187,0,0
1007.84924,0,0
1007.84924,0,0
1007.84924,0,0
1007.84924,0,0
1007.64075,0,0
1007.64075,0,0
1007.64075,0,0
1007.64075,0,0
1007.64075,0,0
1007.53326,0,0
1007.53326,0,0
1007.53326,0,0
1007.53326,0,0
1007.447,0,0
1007.447,0,0
1007.447,0,0
1007.447,0,0
1007.4189,0,0
1007.4189,0,0
1007.4189,0,0
1007.4189,0,0
1007.334,0,0
1007.334,0,0
1007.334,0,0
1007.334,0,0
1007.4155,0,0
1007.4155,0,0
1007.4155,0,0
1007.4155,0,0
1007.68945,0,0
1007.68945,0,0
1007.68945,0,0
1007.68945,0,0
1008.01355,0,0
1008.01355,0,0
1008.01355,0,0
1008.01355,0,0
1008.01355,0,0
1007.9643,0,0
1007.9643,0,0
1007.9643,0,0
1007.9643,0,0
1008.1533,0,0
1008.1533,0,0
1008.1533,0,0
1008.1533,0,0
1007.85046,0,0
1007.85046,0,0
1007.85046,0,0
1007.85046,0,0
1007.6687,0,0
1007.6687,0,0
1007.6687,0,0
1007.6687,0,0
1007.723,0,0
1007.723,0,0
1007.723,0,0
1007.723,0,0
1007.6716,0,0
1007.6716,0,0
1007.6716,0,0
1007.6716,0,0
1007.5315,0,0
1007.5315,0,0
1007.5315,0,0
1007.5315,0,0
1007.5315,0,0
1007.39215,0,0
1007.39215,0,0
1007.39215,0,0
1007.39215,0,0
1007.5186,0,0
1007.5186,0,0
1007.5186,0,0
1007.5186,0,0
1007.54584,0,0
1007.54584,0,0
1007.54584,0,0
1007.54584,0,0
1007.71405,0,0
1007.71405,0,0
1007.71405,0,0
1007.71405,0,0
1007.6631,0,0
1007.6631,0,0
1007.6631,0,0
1007.6631,0,0
1007.8912,0,0
1007.8912,0,0
1007.8912,0,0
1007.8912,0,0
1007.6822,0,0
1007.6822,0,0
1007.6822,0,0
1007.6822,0,0
1007.395,0,0
1007.395,0,0
1007.395,0,0
1007.395,0,0
1007.395,0,0
1007.4502,0,0
1007.4502,0,0
1007.4502,0,0
1007.4502,0,0
1007.389,0,0
1007.389,0,0
1007.389,0,0
1007.389,0,0
1007.36957,0,0
1007.36957,0,0
1007.36957,0,0
1007.36957,0,0
1007.4562,0,0
1007.4562,0,0
1007.4562,0,0
1007.4562,0,0
1007.4817,0,0
1007.4817,0,0
1007.4817,0,0
1007.4817,0,0
1007.58026,0,0
1007.58026,0,0
1007.58026,0,0
1007.58026,0,0
1007.68805,0,0
1007.68805,0,0
1007.68805,0,0
1007.68805,0,0
1007.68805,0,0
1007.9752,0,0
1007.9752,0,0
1007.9752,0,0
1007.9752,0,0
1007.64386,0,0
1007.64386,0,0
1007.64386,0,0
1007.64386,0,0
1007.49817,0,0
1007.49817,0,0
1007.49817,0,0
1007.49817,0,0
1007.4111,0,0
1007.4111,0,0
1007.4111,0,0
1007.4111,0,0
1007.369,0,0
1007.369,0,0
1007.369,0,0
1007.369,0,0
1007.37756,0,0
1007.37756,0,0
1007.37756,0,0
1007.37756,0,0
1007.4404,0,0
1007.4404,0,0
1007.4404,0,0
1007.4404,0,0
1007.4404,0,0
1007.6885,0,0
1007.6885,0,0
1007.6885,0,0
1007.6885,0,0
1007.73,0,0
1007.73,0,0
1007.73,0,0
1007.73,0,0
1008.00867,0,0
1008.00867,0,0
1008.00867,0,0
1008.00867,0,0
1008.04,0,0
1008.04,0,0
1008.04,0,0
1008.04,0,0
1007.6186,0,0
1007.6186,0,0
1007.6186,0,0
1007.6186,0,0
1007.55237,0,0
1007.55237,0,0
1007.55237,0,0
1007.55237,0,0
1007.532,0,0
1007.532,0,0
1007.532,0,0
1007.532,0,0
1007.532,0,0
1007.5082,0,0
1007.5082,0,0
1007.5082,0,0
1007.5082,0,0
1007.4606,0,0
1007.4606,0,0
1007.4606,0,0
1007.4606,0,0
1007.38794,0,0
1007.38794,0,0
1007.38794,0,0
1007.38794,0,0
1007.63434,0,0
1007.63434,0,0
1007.63434,0,0
1007.63434,0,0
1007.7329,0,0
1007.7329,0,0
1007.7329,0,0
1007.7329,0,0
1007.97327,0,0
1007.97327,0,0
1007.97327,0,0
1007.97327,0,0
1007.69116,0,0
1007.69116,0,0
1007.69116,0,0
1007.69116,0,0
1007.4635,0,0
1007.4635,0,0
1007.4635,0,0
1007.4635,0,0
1007.4635,0,0
1007.50934,0,0
1007.50934,0,0
1007.50934,0,0
1007.50934,0,0
1007.5399,0,0
1007.5399,0,0
1007.5399,0,0
1007.5399,0,0
1007.53314,0,0
1007.53314,0,0
1007.53314,0,0
1007.53314,0,0
1007.52466,0,0
1007.52466,0,0
1007.52466,0,0
1007.52466,0,0
1007.4329,0,0
1007.4329,0,0
1007.4329,0,0
1007.4329,0,0
1007.5518,0,0
1007.5518,0,0
1007.5518,0,0
1007.5518,0,0
1007.76807,0,0
1007.76807,0,0
1007.76807,0,0
1007.76807,0,0
1007.76807,0,0
1007.8836,0,0
1007.8836,0,0
1007.8836,0,0
1007.8836,0,0
1007.4945,0,0
1007.4945,0,0
1007.4945,0,0
1007.4945,0,0
1007.4652,0,0
1007.4652,0,0
1007.4652,0,0
1007.4652,0,0
1007.4499,0,0
1007.4499,0,0
1007.4499,0,0
1007.4499,0,0
1007.4176,0,0
1007.4176,0,0
1007.4176,0,0
1007.4176,0,0
1007.50977,0,0
1007.50977,0,0
1007.50977,0,0
1007.50977,0,0
1007.4137,0,0
1007.4137,0,0
1007.4137,0,0
1007.4137,0,0
1007.4137,0,0
1007.4379,0,0
1007.4379,0,0
1007.4379,0,0
1007.4379,0,0
1007.47363,0,0
1007.47363,0,0
1007.47363,0,0
1007.47363,0,0
1007.3207,0,0
1007.3207,0,0
1007.3207,0,0
1007.3207,0,0
1007.3988,0,0
1007.3988,0,0
1007.3988,0,0
1007.3988,0,0
1007.66003,0,0
1007.66003,0,0
1007.66003,0,0
1007.66003,0,0
1007.8028,0,0
1007.8028,0,0
1007.8028,0,0
1007.8028,0,0
1008.05597,0,0
1008.05597,0,0
1008.05597,0,0
1008.05597,0,0
1008.0351,0,0
1008.0351,0,0
1008.0351,0,0
1008.0351,0,0
1008.0351,0,0
1007.8474,0,0
1007.8474,0,0
1007.8474,0,0
1007.8474,0,0
1007.4098,0,0
1007.4098,0,0
1007.4098,0,0
1007.4098,0,0
1007.4574,0,0
1007.4574,0,0
1007.4574,0,0
1007.4574,0,0
1007.45056,0,0
1007.45056,0,0
1007.45056,0,0
1007.45056,0,0
1007.62897,0,0
1007.62897,0,0
1007.62897,0,0
1007.62897,0,0
1007.1859,0,0
1007.1859,0,0
1007.1859,0,0
1007.1859,0,0
1007.23083,0,0
1007.23083,0,0
1007.23083,0,0
1007.23083,0,0
1007.23083,0,0
1007.23596,0,0
1007.23596,0,0
1007.23596,0,0
1007.23596,0,0
1007.2622,0,0
1007.2622,0,0
1007.2622,0,0
1007.2622,0,0
1007.3013,0,0
1007.3013,0,0
1007.3013,0,0
1007.3013,0,0
1007.3132,0,0
1007.3132,0,0
1007.3132,0,0
1007.3132,0,0
1007.4406,0,0
1007.4406,0,0
1007.4406,0,0
1007.4406,0,0
1007.6166,0,0
1007.6166,0,0
1007.6166,0,0
1007.6166,0,0
1007.6998,0,0
1007.6998,0,0
1007.6998,0,0
1007.6998,0,0
1007.6998,0,0
1008.111,0,0
1008.111,0,0
1008.111,0,0
1008.111,0,0
1007.67,0,0
1007.67,0,0
1007.67,0,0
1007.67,0,0
1007.63525,0,0
1007.63525,0,0
1007.63525,0,0
1007.63525,0,0
1007.5494,0,0
1007.5494,0,0
1007.5494,0,0
1007.5494,0,0
1007.54034,0,0
1007.54034,0,0
1007.54034,0,0
1007.54034,0,0
1007.4469,0,0
1007.4469,0,0
1007.4469,0,0
1007.4469,0,0
1007.401,0,0
1007.401,0,0
1007.401,0,0
1007.401,0,0
1007.5607,0,0
1007.5566,0,0
1007.5566,0,0
1007.5566,0,0
1007.5566,0,0
1007.5702,0,0
1007.5702,0,0
1007.5702,0,0
1007.5702,0,0
1007.79016,0,0
1007.79016,0,0
1007.79016,0,0
1007.79016,0,0
1007.9503,0,0
1007.9503,0,0
1007.9503,0,0
1007.9503,0,0
1007.6019,0,0
1007.6019,0,0
1007.6019,0,0
1007.6019,0,0
1007.55096,0,0
1007.55096,0,0
1007.55096,0,0
1007.55096,0,0
1007.4575,0,0
1007.4575,0,0
1007.4575,0,0
1007.4575,0,0
1007.38446,0,0
1007.38446,0,0
1007.38446,0,0
1007.38446,0,0
1007.38446,0,0
1007.3573,0,0
1007.3573,0,0
1007.3573,0,0
1007.3573,0,0
1007.3869,0,0
1007.3869,0,0
1007.3869,0,0
1007.3869,0,0
1007.5976,0,0
1007.5976,0,0
1007.5976,0,0
1007.5976,0,0
1007.66046,0,0
1007.66046,0,0
1007.66046,0,0
1007.66046,0,0
1007.6673,0,0
1007.6673,0,0
1007.6673,0,0
1007.6673,0,0
1007.6852,0,0
1007.6852,0,0
1007.6852,0,0
1007.6852,0,0
1007.4898,0,0
1007.4898,0,0
1007.4898,0,0
1007.4898,0,0
1007.4898,0,0
1007.5085,0,0
1007.5085,0,0
1007.5085,0,0
1007.5085,0,0
1007.45654,0,0
1007.45654,0,0
1007.45654,0,0
1007.45654,0,0
1007.3959,0,0
1007.3959,0,0
1007.3959,0,0
1007.3959,0,0
1007.3517,0,0
1007.3517,0,0
1007.3517,0,0
1007.3517,0,0
1007.2616,0,0
1007.2616,0,0
1007.2616,0,0
1007.2616,0,0
1007.4247,0,0
1007.4247,0,0
1007.4247,0,0
1007.4247,0,0
1007.5393,0,0
1007.5393,0,0
1007.5393,0,0
1007.5393,0,0
1007.5393,0,0
1007.85925,0,0
1007.85925,0,0
1007.85925,0,0
1007.85925,0,0
1007.6876,0,0
1007.6876,0,0
1007.6876,0,0
1007.6876,0,0
1007.4174,0,0
1007.4174,0,0
1007.4174,0,0
1007.4174,0,0
1007.4327,0,0
1007.4327,0,0
1007.4327,0,0
1007.4327,0,0
1007.4123,0,0
1007.4123,0,0
1007.4123,0,0
1007.4123,0,0
1007.38513,0,0
1007.38513,0,0
1007.38513,0,0
1007.38513,0,0
1007.33923,0,0
1007.33923,0,0
1007.33923,0,0
1007.33923,0,0
1007.3235,0,0
1007.3235,0,0
1007.3235,0,0
1007.3235,0,0
1007.3235,0,0
1007.4939,0,0
1007.4939,0,0
1007.4939,0,0
1007.4939,0,0
1007.54443,0,0
1007.54443,0,0
1007.54443,0,0
1007.54443,0,0
1007.8779,0,0
1007.8779,0,0
1007.8779,0,0
1007.8779,0,0
1007.64465,0,0
1007.64465,0,0
1007.64465,0,0
1007.64465,0,0
1007.4225,0,0
1007.4225,0,0
1007.4225,0,0
1007.4225,0,0
1007.35626,0,0
1007.35626,0,0
1007.35626,0,0
1007.35626,0,0
1007.36816,0,0
1007.36816,0,0
1007.36816,0,0
1007.36816,0,0
1007.36816,0,0
1007.3596,0,0
1007.3596,0,0
1007.3596,0,0
1007.3596,0,0
1007.357,0,0
1007.357,0,0
1007.357,0,0
1007.357,0,0
1007.3366,0,0
1007.3366,0,0
1007.3366,0,0
1007.3366,0,0
1007.5031,0,0
1007.5031,0,0
1007.5031,0,0
1007.5031,0,0
1007.58716,0,0
1007.58716,0,0
1007.58716,0,0
1007.58716,0,0
1007.7155,0,0
1007.7155,0,0
1007.7155,0,0
1007.7155,0,0
1007.4971,0,0
1007.4971,0,0
1007.4971,0,0
1007.4971,0,0
1007.4971,0,0
1007.4223,0,0
1007.4223,0,0
1007.4223,0,0
1007.4223,0,0
1007.4512,0,0
1007.4512,0,0
1007.4512,0,0
1007.4512,0,0
1007.4427,0,0
1007.4427,0,0
1007.4427,0,0
1007.4427,0,0
1007.33734,0,0
1007.33734,0,0
1007.33734,0,0
1007.33734,0,0
1007.28467,0,0
1007.28467,0,0
1007.28467,0,0
1007.28467,0,0
1007.4988,0,0
1007.4988,0,0
1007.4988,0,0
1007.4988,0,0
1007.7163,0,0
1007.7163,0,0
1007.7163,0,0
1007.7163,0,0
1007.7163,0,0
1007.7053,0,0
1007.7053,0,0
1007.7053,0,0
1007.7053,0,0
1008.0833,0,0
1008.0833,0,0
1008.0833,0,0
1008.0833,0,0
1007.80334,0,0
1007.80334,0,0
1007.80334,0,0
1007.80334,0,0
1007.68274,0,0
1007.68274,0,0
1007.68274,0,0
1007.68274,0,0
1007.6002,0,0
1007.6002,0,0
1007.6002,0,0
1007.6002,0,0
1007.4949,0,0
1007.4949,0,0
1007.4949,0,0
1007.4949,0,0
1007.3742,0,0
1007.3742,0,0
1007.3742,0,0
1007.3742,0,0
1007.33685,0,0
1007.33685,0,0
1007.33685,0,0
1007.33685,0,0
1007.33685,0,0
1007.38104,0,0
1007.38104,0,0
1007.38104,0,0
1007.38104,0,0
1007.53906,0,0
1007.53906,0,0
1007.53906,0,0
1007.53906,0,0
1007.6019,0,0
1007.6019,0,0
1007.6019,0,0
1007.6019,0,0
1007.8126,0,0
1007.8126,0,0
1007.8126,0,0
1007.8126,0,0
1007.59174,0,0
1007.59174,0,0
1007.59174,0,0
1007.59174,0,0
1007.51526,0,0
1007.51526,0,0
1007.51526,0,0
1007.51526,0,0
1007.5106,0,0
1007.5106,0,0
1007.5106,0,0
1007.5106,0,0
1007.5106,0,0
1007.45624,0,0
1007.45624,0,0
1007.45624,0,0
1007.45624,0,0
1007.3509,0,0
1007.3509,0,0
1007.3509,0,0
1007.3509,0,0
1007.3016,0,0
1007.3016,0,0
1007.3016,0,0
1007.3016,0,0
1007.33215,0,0
1007.33215,0,0
1007.33215,0,0
1007.33215,0,0
1007.55817,0,0
1007.55817,0,0
1007.55817,0,0
1007.55817,0,0
1007.7186,0,0
1007.7186,0,0
1007.7186,0,0
1007.7186,0,0
1007.8665,0,0
1007.8665,0,0
1007.8665,0,0
1007.8665,0,0
1007.8665,0,0
1007.5606,0,0
1007.5606,0,0
1007.5606,0,0
1007.5606,0,0
1007.46423,0,0
1007.46423,0,0
1007.46423,0,0
1007.46423,0,0
1007.457,0,0
1007.457,0,0
1007.457,0,0
1007.457,0,0
1007.474,0,0
1007.474,0,0
1007.474,0,0
1007.474,0,0
1007.34015,0,0
1007.34015,0,0
1007.34015,0,0
1007.34015,0,0
1007.2722,0,0
1007.2722,0,0
1007.2722,0,0
1007.2722,0,0
1007.31085,0,0
1007.31085,0,0
1007.31085,0,0
1007.31085,0,0
1007.4723,0,0
1007.4723,0,0
1007.4723,0,0
1007.4723,0,0
1007.4723,0,0
1007.6885,0,0
1007.6885,0,0
1007.6885,0,0
1007.6885,0,0
1007.8279,0,0
1007.8279,0,0
1007.8279,0,0
1007.8279,0,0
1007.51855,0,0
1007.51855,0,0
1007.51855,0,0
1007.51855,0,0
1007.52026,0,0
1007.52026,0,0
1007.52026,0,0
1007.52026,0,0
1007.521,0,0
1007.521,0,0
1007.521,0,0
1007.521,0,0
1007.4785,0,0
1007.4785,0,0
1007.4785,0,0
1007.4785,0,0
1007.54144,0,0
1007.54144,0,0
1007.54144,0,0
1007.54144,0,0
1007.54144,0,0
1007.47345,0,0
1007.47345,0,0
1007.47345,0,0
1007.47345,0,0
1007.57074,0,0
1007.57074,0,0
1007.57074,0,0
1007.57074,0,0
1007.7118,0,0
1007.7118,0,0
1007.7118,0,0
1007.7118,0,0
1007.90625,0,0
1007.90625,0,0
1007.90625,0,0
1007.90625,0,0
1007.6021,0,0
1007.6021,0,0
1007.6021,0,0
1007.6021,0,0
1007.4093,0,0
1007.4093,0,0
1007.4093,0,0
1007.4093,0,0
1007.3192,0,0
1007.3192,0,0
1007.3192,0,0
1007.3192,0,0
1007.3192,0,0
1007.33795,0,0
1007.33795,0,0
1007.33795,0,0
1007.33795,0,0
1007.4144,0,0
1007.4144,0,0
1007.4144,0,0
1007.4144,0,0
1007.3447,0,0
1007.3447,0,0
1007.3447,0,0
1007.3447,0,0
1007.32776,0,0
1007.32776,0,0
1007.32776,0,0
1007.32776,0,0
1007.462,0,0
1007.462,0,0
1007.462,0,0
1007.462,0,0
1007.5895,0,0
1007.5895,0,0
1007.5895,0,0
1007.5895,0,0
1007.63873,0,0
1007.63873,0,0
1007.63873,0,0
1007.63873,0,0
1007.63873,0,0
1007.9259,0,0
1007.9259,0,0
1007.9259,0,0
1007.9259,0,0
1007.6208,0,0
1007.6208,0,0
1007.6208,0,0
1007.6208,0,0
1007.58777,0,0
1007.58777,0,0
1007.58777,0,0
1007.58777,0,0
1007.6123,0,0
1007.6123,0,0
1007.6123,0,0
1007.6123,0,0
1007.7907,0,0
1007.7907,0,0
1007.7907,0,0
1007.7907,0,0
1007.5851,0,0
1007.5851,0,0
1007.5851,0,0
1007.5851,0,0
1007.47296,0,0
1007.47296,0,0
1007.47296,0,0
1007.47296,0,0
1007.67175,0,0
1007.67175,0,0
1007.67175,0,0
1007.67175,0,0
1007.67175,0,0
1007.7167,0,0
1007.7167,0,0
1007.7167,0,0
1007.7167,0,0
1007.6215,0,0
1007.6215,0,0
1007.6215,0,0
1007.6215,0,0
1007.681,0,0
1007.681,0,0
1007.681,0,0
1007.681,0,0
1007.5128,0,0
1007.5128,0,0
1007.5128,0,0
1007.5128,0,0
1007.5285,0,0
1007.5285,0,0
1007.5285,0,0
1007.5285,0,0
1007.42145,0,0
1007.42145,0,0
1007.42145,0,0
1007.42145,0,0
1007.4516,0,0
1007.4516,0,0
1007.4516,0,0
1007.4516,0,0
1007.4516,0,0
1007.3989,0,0
1007.3989,0,0
1007.3989,0,0
1007.3989,0,0
1007.38873,0,0
1007.38873,0,0
1007.38873,0,0
1007.38873,0,0
1007.6033,0,0
1007.6033,0,0
1007.6033,0,0
1007.6033,0,0
1007.8055,0,0
1007.8055,0,0
1007.8055,0,0
1007.8055,0,0
1007.78125,0,0
1007.78125,0,0
1007.78125,0,0
1007.78125,0,0
1007.94946,0,0
1007.94946,0,0
1007.94946,0,0
1007.94946,0,0
1007.8323,0,0
1007.8323,0,0
1007.8323,0,0
1007.8323,0,0
1007.8323,0,0
1007.486,0,0
1007.486,0,0
1007.486,0,0
1007.486,0,0
1007.44183,0,0
1007.44183,0,0
1007.44183,0,0
1007.44183,0,0
1007.4222,0,0
1007.4222,0,0
1007.4222,0,0
1007.4222,0,0
1007.34064,0,0
1007.34064,0,0
1007.34064,0,0
1007.34064,0,0
1007.2438,0,0
1007.2438,0,0
1007.2438,0,0
1007.2438,0,0
1007.17114,0,0
1007.17114,0,0
1007.17114,0,0
1007.17114,0,0
1007.4336,0,0
1007.4336,0,0
1007.4336,0,0
1007.4336,0,0
1007.4336,0,0
1007.5382,0,0
1007.5382,0,0
1007.5382,0,0
1007.5382,0,0
1007.7251,0,0
1007.7251,0,0
1007.7251,0,0
1007.7251,0,0
1007.44135,0,0
1007.44135,0,0
1007.44135,0,0
1007.44135,0,0
1007.2901,0,0
1007.2901,0,0
1007.2901,0,0
1007.2901,0,0
1007.4081,0,0
1007.4081,0,0
1007.4081,0,0
1007.4081,0,0
1007.43964,0,0
1007.43964,0,0
1007.43964,0,0
1007.43964,0,0
1007.392,0,0
1007.392,0,0
1007.392,0,0
1007.392,0,0
1007.318,0,0
1007.318,0,0
1007.318,0,0
1007.318,0,0
1007.318,0,0
1007.28613,0,0
1007.28613,0,0
1007.28613,0,0
1007.28613,0,0
1007.4336,0,0
1007.4336,0,0
1007.4336,0,0
1007.4336,0,0
1007.4901,0,0
1007.4901,0,0
1007.4901,0,0
1007.4901,0,0
1007.7518,0,0
1007.7518,0,0
1007.7518,0,0
1007.7518,0,0
1007.4076,0,0
1007.4076,0,0
1007.4076,0,0
1007.4076,0,0
1007.2699,0,0
1007.2699,0,0
1007.2699,0,0
1007.2699,0,0
1007.3549,0,0
1007.3549,0,0
1007.3549,0,0
1007.3549,0,0
1007.3549,0,0
1007.36096,0,0
1007.36096,0,0
1007.36096,0,0
1007.36096,0,0
1007.3481,0,0
1007.3481,0,0
1007.3481,0,0
1007.3481,0,0
1007.35535,0,0
1007.35535,0,0
1007.35535,0,0
1007.35535,0,0
1007.408,0,0
1007.408,0,0
1007.408,0,0
1007.408,0,0
1007.61536,0,0
1007.61536,0,0
1007.61536,0,0
1007.61536,0,0
1007.7632,0,0
1007.7632,0,0
1007.7632,0,0
1007.7632,0,0
1007.93994,0,0
1007.93994,0,0
1007.93994,0,0
1007.93994,0,0
1007.93994,0,0
1007.662,0,0
1007.662,0,0
1007.662,0,0
1007.662,0,0
1007.5498,0,0
1007.5498,0,0
1007.5498,0,0
1007.5498,0,0
1007.5277,0,0
1007.5277,0,0
1007.5277,0,0
1007.5277,0,0
1007.4954,0,0
1007.4954,0,0
1007.4954,0,0
1007.4954,0,0
1007.334,0,0
1007.334,0,0
1007.334,0,0
1007.334,0,0
1007.2813,0,0
1007.2813,0,0
1007.2813,0,0
1007.2813,0,0
1007.43085,0,0
1007.43085,0,0
1007.43085,0,0
1007.43085,0,0
1007.5685,0,0
1007.5685,0,0
1007.5685,0,0
1007.5685,0,0
1007.5685,0,0
1007.72485,0,0
1007.72485,0,0
1007.72485,0,0
1007.72485,0,0
1007.90497,0,0
1007.90497,0,0
1007.90497,0,0
1007.90497,0,0
1007.59814,0,0
1007.59814,0,0
1007.59814,0,0
1007.59814,0,0
1007.4479,0,0
1007.4479,0,0
1007.4479,0,0
1007.4479,0,0
1007.62537,0,0
1007.62537,0,0
1007.62537,0,0
1007.62537,0,0
1007.63214,0,0
1007.63214,0,0
1007.63214,0,0
1007.63214,0,0
1007.3794,0,0
1007.3794,0,0
1007.3794,0,0
1007.3794,0,0
1007.3794,0,0
1007.3895,0,0
1007.3895,0,0
1007.3895,0,0
1007.3895,0,0
1007.4889,0,0
1007.4889,0,0
1007.4889,0,0
1007.4889,0,0
1007.57043,0,0
1007.57043,0,0
1007.57043,0,0
1007.57043,0,0
1007.6758,0,0
1007.6758,0,0
1007.6758,0,0
1007.6758,0,0
1007.8695,0,0
1007.8695,0,0
1007.8695,0,0
1007.8695,0,0
1007.4872,0,0
1007.4872,0,0
1007.4872,0,0
1007.4872,0,0
1007.4736,0,0
1007.4736,0,0
1007.4736,0,0
1007.4736,0,0
1007.4736,0,0
1007.4077,0,0
1007.4077,0,0
1007.4077,0,0
1007.4077,0,0
1007.3852,0,0
1007.3852,0,0
1007.3852,0,0
1007.3852,0,0
1007.4311,0,0
1007.4311,0,0
1007.4311,0,0
1007.4311,0,0
1007.4158,0,0
1007.4158,0,0
1007.4158,0,0
1007.4158,0,0
1007.52454,0,0
1007.52454,0,0
1007.52454,0,0
1007.52454,0,0
1007.7034,0,0
1007.7034,0,0
1007.7034,0,0
1007.7034,0,0
1007.69324,0,0
1007.69324,0,0
1007.69324,0,0
1007.69324,0,0
1007.6677,0,0
1007.6677,0,0
1007.6677,0,0
1007.6677,0,0
1007.6677,0,0
1007.3512,0,0
1007.3512,0,0
1007.3512,0,0
1007.3512,0,0
1007.4043,0,0
1007.4043,0,0
1007.4043,0,0
1007.4043,0,0
1007.3075,0,0
1007.3075,0,0
1007.3075,0,0
1007.3075,0,0
1007.33636,0,0
1007.33636,0,0
1007.33636,0,0
1007.33636,0,0
1007.4451,0,0
1007.4451,0,0
1007.4451,0,0
1007.4451,0,0
1007.4867,0,0
1007.4867,0,0
1007.4867,0,0
1007.4867,0,0
1007.5631,0,0
1007.5631,0,0
1007.5631,0,0
1007.5631,0,0
1007.5631,0,0
1007.75006,0,0
1007.75006,0,0
1007.75006,0,0
1007.75006,0,0
1007.7301,0,0
1007.7301,0,0
1007.7301,0,0
1007.7301,0,0
1007.87286,0,0
1007.87286,0,0
1007.87286,0,0
1007.87286,0,0
1007.5279,0,0
1007.5279,0,0
1007.5279,0,0
1007.5279,0,0
1007.3898,0,0
1007.3898,0,0
1007.3898,0,0
1007.3898,0,0
1007.4293,0,0
1007.4293,0,0
1007.4293,0,0
1007.4293,0,0
1007.448,0,0
1007.448,0,0
1007.448,0,0
1007.448,0,0
1007.448,0,0
1007.3779,0,0
1007.3779,0,0
1007.3779,0,0
1007.3779,0,0
1007.3388,0,0
1007.3388,0,0
1007.3388,0,0
1007.3388,0,0
1007.41187,0,0
1007.41187,0,0
1007.41187,0,0
1007.41187,0,0
1007.60095,0,0
1007.60095,0,0
1007.60095,0,0
1007.60095,0,0
1007.60266,0,0
1007.60266,0,0
1007.60266,0,0
1007.60266,0,0
1007.7216,0,0
1007.7216,0,0
1007.7216,0,0
1007.7216,0,0
1007.5585,0,0
1007.5585,0,0
1007.5585,0,0
1007.5585,0,0
1007.5585,0,0
1007.5958,0,0
1007.5958,0,0
1007.5958,0,0
1007.5958,0,0
1007.61285,0,0
1007.61285,0,0
1007.61285,0,0
1007.61285,0,0
1007.5711,0,0
1007.5711,0,0
1007.5711,0,0
1007.5711,0,0
1007.53204,0,0
1007.53204,0,0
1007.53204,0,0
1007.53204,0,0
1007.459,0,0
1007.459,0,0
1007.459,0,0
1007.459,0,0
1007.5133,0,0
1007.5133,0,0
1007.5133,0,0
1007.5133,0,0
1007.61743,0,0
1007.61743,0,0
1007.61743,0,0
1007.61743,0,0
1007.61743,0,0
1007.80774,0,0
1007.80774,0,0
1007.80774,0,0
1007.80774,0,0
1007.76263,0,0
1007.76263,0,0
1007.76263,0,0
1007.76263,0,0
1007.59534,0,0
1007.59534,0,0
1007.59534,0,0
1007.59534,0,0
1007.5009,0,0
1007.5009,0,0
1007.5009,0,0
1007.5009,0,0
1007.43976,0,0
1007.43976,0,0
1007.43976,0,0
1007.43976,0,0
1007.39557,0,0
1007.39557,0,0
1007.39557,0,0
1007.39557,0,0
1007.43805,0,0
1007.43805,0,0
1007.43805,0,0
1007.43805,0,0
1007.4796,0,0
1007.4796,0,0
1007.4796,0,0
1007.4796,0,0
1007.4796,0,0
1007.6539,0,0
1007.6539,0,0
1007.6539,0,0
1007.6539,0,0
1007.8816,0,0
1007.8816,0,0
1007.8816,0,0
1007.8816,0,0
1008.04816,0,0
1008.04816,0,0
1008.04816,0,0
1008.04816,0,0
1007.7379,0,0
1007.7379,0,0
1007.7379,0,0
1007.7379,0,0
1007.67163,0,0
1007.67163,0,0
1007.67163,0,0
1007.67163,0,0
1007.63086,0,0
1007.63086,0,0
1007.63086,0,0
1007.63086,0,0
1007.56116,0,0
1007.56116,0,0
1007.56116,0,0
1007.56116,0,0
1007.56116,0,0
1007.4519,0,0
1007.4519,0,0
1007.4519,0,0
1007.4519,0,0
1007.42126,0,0
1007.42126,0,0
1007.42126,0,0
1007.42126,0,0
1007.54364,0,0
1007.54364,0,0
1007.54364,0,0
1007.54364,0,0
1007.65625,0,0
1007.65625,0,0
1007.65625,0,0
1007.65625,0,0
1007.88055,0,0
1007.88055,0,0
1007.88055,0,0
1007.88055,0,0
1007.64777,0,0
1007.64777,0,0
1007.64777,0,0
1007.64777,0,0
1007.35205,0,0
1007.35205,0,0
1007.35205,0,0
1007.35205,0,0
1007.35205,0,0
1007.4047,0,0
1007.4047,0,0
1007.4047,0,0
1007.4047,0,0
1007.4149,0,0
1007.4149,0,0
1007.4149,0,0
1007.4149,0,0
1007.3766,0,0
1007.3766,0,0
1007.3766,0,0
1007.3766,0,0
1007.4008,0,0
1007.4008,0,0
1007.4008,0,0
1007.4008,0,0
1007.5011,0,0
1007.5011,0,0
1007.5011,0,0
1007.5011,0,0
1007.63153,0,0
1007.63153,0,0
1007.63153,0,0
1007.63153,0,0
1007.6349,0,0
1007.6349,0,0
1007.6349,0,0
1007.6349,0,0
1007.8512,0,0
1007.8512,0,0
1007.8512,0,0
1007.8512,0,0
1007.8512,0,0
1007.6094,0,0
1007.6094,0,0
1007.6094,0,0
1007.6094,0,0
1007.5499,0,0
1007.5499,0,0
1007.5499,0,0
1007.5499,0,0
1007.4824,0,0
1007.4824,0,0
1007.4824,0,0
1007.4824,0,0
1007.4365,0,0
1007.4365,0,0
1007.4365,0,0
1007.4365,0,0
1007.5324,0,0
1007.5324,0,0
1007.5324,0,0
1007.5324,0,0
1007.5698,0,0
1007.5698,0,0
1007.5698,0,0
1007.5698,0,0
1007.3731,0,0
1007.3731,0,0
1007.3731,0,0
1007.3731,0,0
1007.3731,0,0
1007.3782,0,0
1007.3782,0,0
1007.3782,0,0
1007.3782,0,0
1007.44446,0,0
1007.44446,0,0
1007.44446,0,0
1007.44446,0,0
1007.6416,0,0
1007.6416,0,0
1007.6416,0,0
1007.6416,0,0
1007.5047,0,0
1007.5047,0,0
1007.5047,0,0
1007.5047,0,0
1007.4292,0,0
1007.4292,0,0
1007.4292,0,0
1007.4292,0,0
1007.45715,0,0
1007.45715,0,0
1007.45715,0,0
1007.45715,0,0
1007.71643,0,0
1007.71643,0,0
1007.71643,0,0
1007.71643,0,0
1007.71643,0,0
1007.7334,0,0
1007.7334,0,0
1007.7334,0,0
1007.7334,0,0
1007.6688,0,0
1007.6688,0,0
1007.6688,0,0
1007.6688,0,0
1007.36536,0,0
1007.36536,0,0
1007.36536,0,0
1007.36536,0,0
1007.2345,0,0
1007.2345,0,0
1007.2345,0,0
1007.2345,0,0
1007.2056,0,0
1007.2056,0,0
1007.2056,0,0
1007.2056,0,0
1007.1775,0,0
1007.1775,0,0
1007.1775,0,0
1007.1775,0,0
1007.2335,0,0
1007.2335,0,0
1007.2335,0,0
1007.2335,0,0
1007.2335,0,0
1007.26624,0,0
1007.26624,0,0
1007.26624,0,0
1007.26624,0,0
1007.30194,0,0
1007.30194,0,0
1007.30194,0,0
1007.30194,0,0
1007.3418,0,0
1007.3418,0,0
1007.3418,0,0
1007.3418,0,0
1007.3758,0,0
1007.3758,0,0
1007.3758,0,0
1007.3758,0,0
1007.4013,0,0
1007.4013,0,0
1007.4013,0,0
1007.4013,0,0
1007.42,0,0
1007.42,0,0
1007.42,0,0
